1751061262.673825 0.344525 -0.004423 1.275470 0.560482 -0.004423 1.275490 0.666709 -0.004422 1.275510
1751061266.570816 0.280524 -0.049141 1.232830 0.256762 -0.301529 1.175070 0.272135 -0.390571 1.151730
1751061266.685873 0.271705 -0.072886 1.235490 0.209344 -0.317619 1.173710 0.213998 -0.404927 1.141070
1751061266.785810 0.262059 -0.087591 1.237200 0.190598 -0.321883 1.150000 0.193394 -0.402515 1.103110
1751061266.889375 0.258472 -0.092260 1.237850 0.193230 -0.316399 1.123370 0.198729 -0.388971 1.064960
1751061266.989735 0.259230 -0.094332 1.238820 0.211746 -0.310101 1.101740 0.223412 -0.377337 1.038080
1751061267.088617 0.260802 -0.098529 1.240850 0.225243 -0.309032 1.092440 0.241676 -0.373681 1.027170
1751061267.198586 0.263360 -0.099023 1.241770 0.232888 -0.305919 1.087290 0.248668 -0.374313 1.025780
1751061267.303858 0.276460 -0.092805 1.243570 0.238237 -0.315255 1.114520 0.251968 -0.392162 1.063460
1751061267.408292 0.299761 -0.081621 1.248880 0.254744 -0.323461 1.164000 0.267348 -0.408550 1.128490
1751061267.511175 0.314494 -0.081056 1.255850 0.274285 -0.331784 1.200010 0.288909 -0.419836 1.172750
1751061267.611923 0.333151 -0.085161 1.268130 0.309098 -0.342349 1.238500 0.330628 -0.429996 1.214790
1751061267.715709 0.346114 -0.090749 1.279200 0.344769 -0.349003 1.249160 0.374329 -0.433381 1.222390
1751061267.819699 0.354980 -0.098138 1.289360 0.381392 -0.352382 1.241790 0.419753 -0.430417 1.207900
1751061267.923213 0.358309 -0.106690 1.296500 0.413446 -0.348480 1.218410 0.458588 -0.418292 1.176010
1751061268.031648 0.356521 -0.109774 1.296600 0.430169 -0.335214 1.190100 0.478435 -0.397493 1.140110
1751061268.137527 0.350053 -0.113593 1.293500 0.436750 -0.324101 1.167920 0.486480 -0.380579 1.112720
1751061268.248257 0.341048 -0.120170 1.290360 0.438145 -0.315571 1.148970 0.488285 -0.368457 1.090670
1751061268.355393 0.328838 -0.126837 1.285740 0.434032 -0.300853 1.123720 0.484128 -0.346900 1.059840
1751061268.459508 0.322828 -0.130627 1.284100 0.427380 -0.304808 1.121900 0.478078 -0.352954 1.060000
1751061268.566689 0.321867 -0.131960 1.284390 0.424598 -0.311004 1.126310 0.475187 -0.359488 1.064670
1751061268.669778 0.324332 -0.133002 1.286640 0.426968 -0.316104 1.133210 0.477491 -0.364830 1.071710
1751061268.772135 0.328212 -0.128230 1.286180 0.430185 -0.316998 1.139320 0.481015 -0.366642 1.078810
1751061268.873521 0.329817 -0.116637 1.280480 0.420222 -0.323527 1.151550 0.470266 -0.380492 1.097140
1751061268.981108 0.326467 -0.096618 1.268600 0.388672 -0.325807 1.162760 0.433099 -0.391963 1.114100
1751061269.099354 0.317446 -0.080365 1.257190 0.344997 -0.318802 1.157250 0.379594 -0.391964 1.110770
1751061269.214258 0.307570 -0.075564 1.250570 0.319178 -0.309935 1.138610 0.348816 -0.382203 1.087530
1751061269.314306 0.298785 -0.073913 1.246010 0.305714 -0.302975 1.123000 0.333440 -0.372848 1.067890
1751061269.420938 0.300223 -0.076729 1.247500 0.308906 -0.306864 1.126830 0.337793 -0.377002 1.072460
1751061269.526636 0.310082 -0.087338 1.255810 0.329065 -0.320901 1.143170 0.362294 -0.390367 1.090440
1751061269.630228 0.323278 -0.105232 1.270570 0.366083 -0.338274 1.163520 0.407295 -0.403018 1.110420
1751061269.749836 0.332111 -0.126727 1.287900 0.410415 -0.345737 1.171700 0.460089 -0.401007 1.115240
1751061269.864781 0.331162 -0.137712 1.294430 0.429589 -0.336400 1.158650 0.481207 -0.381512 1.095300
1751061269.965058 0.325191 -0.140294 1.292100 0.429507 -0.319333 1.135050 0.478295 -0.356398 1.064650
1751061270.070771 0.317598 -0.141014 1.287690 0.424272 -0.310107 1.121470 0.474919 -0.347347 1.052490
1751061270.182808 0.319944 -0.141403 1.289430 0.422654 -0.318273 1.128910 0.475099 -0.360929 1.064570
1751061270.288163 0.329271 -0.135318 1.291470 0.425415 -0.332790 1.152330 0.478575 -0.380349 1.092100
1751061270.388851 0.341560 -0.124196 1.293180 0.421590 -0.347218 1.186150 0.474369 -0.402520 1.132600
1751061270.491939 0.351644 -0.116045 1.296210 0.407871 -0.359225 1.223390 0.458013 -0.423323 1.177710
1751061270.598801 0.359139 -0.113531 1.301090 0.378181 -0.370590 1.267000 0.421329 -0.444497 1.229840
1751061270.699143 0.359278 -0.113365 1.301120 0.336485 -0.372167 1.291030 0.369291 -0.453312 1.258640
1751061270.802043 0.349848 -0.115060 1.294170 0.290377 -0.368073 1.287280 0.309893 -0.453834 1.256000
1751061270.915759 0.333165 -0.114518 1.281560 0.250365 -0.359724 1.256700 0.260387 -0.445929 1.222380
1751061271.016903 0.312284 -0.109162 1.266190 0.222787 -0.346613 1.209560 0.228253 -0.430284 1.168580
1751061271.120240 0.293281 -0.105636 1.255340 0.210959 -0.335715 1.166530 0.217737 -0.414685 1.117260
1751061271.221038 0.274635 -0.107133 1.248740 0.211297 -0.330640 1.131980 0.222965 -0.403697 1.075090
1751061271.322158 0.264399 -0.107324 1.245510 0.210902 -0.326461 1.116220 0.224949 -0.397006 1.056760
1751061271.424619 0.258468 -0.110915 1.245300 0.207794 -0.329232 1.113590 0.223333 -0.397793 1.052210
1751061271.531622 0.256521 -0.112417 1.245530 0.207795 -0.332937 1.116700 0.224230 -0.401228 1.055250
1751061271.647978 0.255550 -0.111642 1.244920 0.207830 -0.332643 1.116540 0.223806 -0.401102 1.055160
1751061271.748074 0.255019 -0.109735 1.243900 0.206140 -0.338406 1.130270 0.221408 -0.409902 1.072260
1751061271.847944 0.258657 -0.106086 1.243330 0.213364 -0.343962 1.148660 0.227692 -0.422806 1.100820
1751061271.965429 0.270306 -0.103097 1.245560 0.244669 -0.347993 1.162080 0.266281 -0.427394 1.118060
1751061272.067695 0.284352 -0.099209 1.248950 0.278806 -0.344427 1.162710 0.307612 -0.420797 1.117460
1751061272.171710 0.300280 -0.091311 1.252570 0.321910 -0.332866 1.158850 0.359108 -0.403854 1.111030
1751061272.281418 0.316072 -0.077874 1.255620 0.375314 -0.305300 1.144410 0.421881 -0.366995 1.092110
1751061272.381485 0.326830 -0.061566 1.256790 0.419289 -0.267230 1.127350 0.472777 -0.318128 1.070270
1751061272.484879 0.332703 -0.048166 1.257150 0.450746 -0.226867 1.109740 0.508444 -0.268142 1.049100
1751061272.598696 0.333749 -0.034049 1.255340 0.470526 -0.180512 1.089680 0.531898 -0.213062 1.027300
1751061272.703681 0.331123 -0.025072 1.252660 0.473483 -0.146585 1.072200 0.536501 -0.175166 1.009570
1751061272.814989 0.323003 -0.021179 1.247710 0.462193 -0.125846 1.054600 0.526338 -0.154107 0.993045
1751061272.915333 0.313639 -0.021030 1.242850 0.446701 -0.118315 1.041780 0.515119 -0.149799 0.986672
1751061273.018175 0.307383 -0.019902 1.239770 0.436384 -0.112379 1.033840 0.506603 -0.144108 0.981191
1751061273.132639 0.301603 -0.015986 1.236900 0.429136 -0.109218 1.030390 0.500640 -0.141714 0.979990
1751061273.236974 0.298895 -0.014603 1.235650 0.427424 -0.110339 1.030920 0.499414 -0.143534 0.981679
1751061273.348450 0.297024 -0.013825 1.234800 0.423985 -0.107625 1.028230 0.495046 -0.140500 0.977447
1751061273.466344 0.295100 -0.013791 1.234000 0.422172 -0.105362 1.026510 0.492952 -0.137087 0.974610
1751061273.569958 0.294872 -0.013749 1.233940 0.422058 -0.105190 1.026430 0.492880 -0.136927 0.974596
