1751061809.649199 0.250638 -0.038484 1.222560 0.332790 -0.245998 1.089190 0.393891 -0.315496 1.077090
1751061809.750782 0.251460 -0.054864 1.225590 0.275701 -0.292570 1.123080 0.311775 -0.377750 1.110720
1751061809.856953 0.249933 -0.077116 1.230780 0.232482 -0.319713 1.138900 0.249911 -0.410012 1.123030
1751061809.959507 0.246849 -0.097030 1.236770 0.195509 -0.334161 1.143320 0.200046 -0.424533 1.120470
1751061810.069354 0.241751 -0.112095 1.241890 0.164394 -0.337545 1.138020 0.160994 -0.424747 1.104900
1751061810.175174 0.236627 -0.118066 1.243620 0.147576 -0.333575 1.128620 0.142677 -0.414883 1.083070
1751061810.277781 0.231616 -0.116370 1.241950 0.140652 -0.322095 1.111550 0.136977 -0.397083 1.056120
1751061810.378539 0.225692 -0.110179 1.238270 0.146170 -0.308711 1.090400 0.146941 -0.377283 1.027100
1751061810.480202 0.216687 -0.102548 1.234020 0.152730 -0.292594 1.068500 0.157788 -0.357588 1.001730
1751061810.583661 0.213697 -0.098988 1.232350 0.151814 -0.288937 1.065950 0.156099 -0.358618 1.004010
1751061810.686561 0.217692 -0.099477 1.232930 0.157138 -0.299477 1.078230 0.162204 -0.374499 1.022950
1751061810.787639 0.229568 -0.091480 1.231500 0.176782 -0.309863 1.100680 0.186154 -0.391003 1.055540
1751061810.889137 0.244379 -0.067081 1.226840 0.210638 -0.308452 1.136280 0.229710 -0.394973 1.106960
1751061810.995643 0.268352 -0.044612 1.228110 0.281190 -0.298621 1.174120 0.315921 -0.384057 1.159830
1751061811.099907 0.288313 -0.026101 1.232300 0.354365 -0.273182 1.185550 0.407848 -0.348683 1.173350
1751061811.205904 0.308805 -0.015603 1.240130 0.436769 -0.235211 1.185380 0.507703 -0.293984 1.170400
1751061811.307480 0.317957 -0.014135 1.244540 0.485214 -0.201555 1.177470 0.565759 -0.244327 1.157650
1751061811.412800 0.330398 -0.019920 1.251760 0.533379 -0.158639 1.167170 0.620836 -0.179026 1.141760
1751061811.517245 0.343330 -0.030117 1.260850 0.559701 -0.129962 1.156860 0.647718 -0.134610 1.126180
1751061811.621505 0.346484 -0.041270 1.264700 0.561799 -0.115119 1.139060 0.647309 -0.110668 1.101940
1751061811.722242 0.347525 -0.050152 1.267210 0.555058 -0.104276 1.120240 0.636532 -0.092944 1.076150
1751061811.828481 0.347255 -0.058650 1.269070 0.544102 -0.098831 1.104040 0.619076 -0.084209 1.050420
1751061811.936119 0.343167 -0.063297 1.267510 0.533698 -0.099941 1.094440 0.604631 -0.084911 1.035680
1751061812.039578 0.343203 -0.066120 1.268350 0.532723 -0.104050 1.094440 0.602209 -0.089352 1.033900
1751061812.145132 0.346492 -0.067206 1.270950 0.537658 -0.106479 1.099100 0.606596 -0.091326 1.038100
1751061812.257247 0.348639 -0.063622 1.271420 0.544060 -0.109818 1.106260 0.614222 -0.096152 1.046260
1751061812.360813 0.349606 -0.061782 1.271590 0.549990 -0.123241 1.117740 0.622394 -0.113052 1.059750
1751061812.462136 0.349748 -0.062236 1.271820 0.552161 -0.144493 1.130880 0.628565 -0.141322 1.077300
1751061812.572659 0.346625 -0.065656 1.270580 0.547581 -0.164694 1.138640 0.625708 -0.169476 1.087820
1751061812.690361 0.341979 -0.073459 1.269800 0.536312 -0.181038 1.134660 0.613759 -0.195146 1.084540
1751061812.794429 0.335893 -0.077558 1.267140 0.522020 -0.186595 1.122000 0.596766 -0.205147 1.069280
1751061812.900057 0.328134 -0.080082 1.263180 0.501979 -0.187962 1.102750 0.570986 -0.208252 1.043280
1751061813.010710 0.319972 -0.083496 1.259670 0.482176 -0.186313 1.084400 0.545706 -0.206596 1.019110
1751061813.113187 0.315551 -0.085275 1.257900 0.471841 -0.187478 1.076990 0.532640 -0.208286 1.009310
1751061813.215977 0.314994 -0.086086 1.257900 0.470653 -0.191085 1.078050 0.531517 -0.212848 1.010730
1751061813.316939 0.317332 -0.088290 1.259900 0.476354 -0.196712 1.085170 0.538554 -0.218776 1.019190
1751061813.417304 0.327173 -0.090921 1.266660 0.493463 -0.199698 1.098990 0.556193 -0.218160 1.032400
1751061813.522354 0.339089 -0.090444 1.274120 0.515623 -0.195839 1.114980 0.580051 -0.209653 1.048890
1751061813.624135 0.350906 -0.091528 1.283120 0.541624 -0.189108 1.135000 0.613358 -0.200450 1.077180
1751061813.727617 0.363268 -0.090189 1.292590 0.569211 -0.170865 1.155900 0.646644 -0.174972 1.103980
1751061813.827453 0.369510 -0.084391 1.295570 0.581010 -0.154851 1.161770 0.660021 -0.153418 1.112120
1751061813.927689 0.371773 -0.074918 1.293830 0.584704 -0.131470 1.155700 0.662844 -0.123736 1.105330
1751061814.029549 0.369828 -0.069372 1.290000 0.577803 -0.114248 1.140600 0.650765 -0.101875 1.083000
1751061814.138996 0.364107 -0.065955 1.284060 0.564981 -0.103376 1.123280 0.634754 -0.090427 1.062670
1751061814.244054 0.359547 -0.067332 1.280780 0.557448 -0.106167 1.116600 0.627523 -0.094772 1.056110
1751061814.347785 0.356105 -0.070013 1.278900 0.552769 -0.109535 1.113520 0.625923 -0.098531 1.056630
1751061814.451048 0.358561 -0.068531 1.280380 0.563494 -0.111393 1.126220 0.643771 -0.098627 1.080370
1751061814.553578 0.361097 -0.061938 1.280380 0.572337 -0.120732 1.140660 0.654872 -0.111827 1.098020
1751061814.658274 0.364532 -0.059411 1.282460 0.578485 -0.147345 1.163750 0.663627 -0.148097 1.125540
1751061814.757935 0.366532 -0.060359 1.284400 0.577284 -0.175899 1.185240 0.664137 -0.186252 1.152690
1751061814.860351 0.367513 -0.064524 1.286490 0.562668 -0.214104 1.201990 0.647738 -0.237196 1.171340
1751061814.964245 0.365493 -0.070311 1.286660 0.533298 -0.255016 1.213680 0.614121 -0.290723 1.183640
1751061815.067960 0.359298 -0.082160 1.285860 0.490984 -0.296029 1.218640 0.563763 -0.346532 1.189270
1751061815.173249 0.346793 -0.099368 1.283570 0.430545 -0.336746 1.218480 0.490167 -0.402000 1.188530
1751061815.273447 0.331568 -0.112926 1.279640 0.375974 -0.359592 1.210470 0.422990 -0.433164 1.177510
1751061815.378129 0.312112 -0.118543 1.270850 0.311809 -0.366785 1.193550 0.344218 -0.447272 1.159180
1751061815.482632 0.295755 -0.118175 1.262430 0.256458 -0.359980 1.175340 0.274486 -0.444339 1.139720
1751061815.589658 0.286732 -0.114426 1.256660 0.222464 -0.345271 1.155760 0.230872 -0.428762 1.114920
1751061815.692400 0.281542 -0.110444 1.252730 0.204619 -0.330575 1.137730 0.207320 -0.412037 1.092200
1751061815.801424 0.272959 -0.107742 1.248430 0.193018 -0.313702 1.111300 0.192469 -0.391253 1.059440
1751061815.905273 0.265036 -0.106182 1.245210 0.191942 -0.303631 1.092660 0.192233 -0.376314 1.034130
1751061816.008446 0.258460 -0.105230 1.242900 0.188749 -0.295684 1.080230 0.188943 -0.363894 1.016530
1751061816.117060 0.255121 -0.106798 1.242690 0.185265 -0.298870 1.081980 0.186124 -0.367014 1.018220
1751061816.222123 0.251942 -0.107673 1.242260 0.185350 -0.304066 1.085430 0.187844 -0.373150 1.022730
1751061816.325542 0.252606 -0.106808 1.242050 0.191854 -0.309192 1.090560 0.196417 -0.379610 1.029480
1751061816.429235 0.261935 -0.100825 1.242080 0.219818 -0.316268 1.102760 0.231573 -0.390969 1.048060
1751061816.530879 0.281284 -0.093243 1.245460 0.283498 -0.318431 1.115520 0.312419 -0.392650 1.066890
1751061816.634074 0.298155 -0.084271 1.249060 0.347487 -0.303832 1.118830 0.391616 -0.371371 1.071920
1751061816.738888 0.311964 -0.072548 1.251820 0.410853 -0.269437 1.113780 0.469595 -0.324163 1.066000
1751061816.843414 0.315834 -0.065885 1.251900 0.453819 -0.219739 1.094130 0.522434 -0.253285 1.040500
1751061816.943234 0.315025 -0.060150 1.249990 0.465570 -0.180282 1.075330 0.535884 -0.201017 1.017500
1751061817.048479 0.312260 -0.052547 1.246840 0.461992 -0.151803 1.058880 0.529299 -0.165126 0.995623
1751061817.151602 0.308082 -0.045382 1.243400 0.450304 -0.140037 1.047410 0.511760 -0.151870 0.978182
1751061817.255002 0.302409 -0.041855 1.240190 0.437772 -0.134026 1.038200 0.495420 -0.146357 0.965900
1751061817.358660 0.297616 -0.043582 1.238400 0.428094 -0.128123 1.030010 0.482634 -0.139288 0.955109
1751061817.460414 0.296208 -0.045802 1.238200 0.423852 -0.126915 1.026710 0.475062 -0.137058 0.949350
1751061817.562188 0.294374 -0.047520 1.237760 0.418940 -0.130327 1.025090 0.466460 -0.139791 0.945330
1751061817.672102 0.291419 -0.048796 1.236810 0.412749 -0.133664 1.023090 0.458394 -0.143223 0.942256
1751061817.776923 0.289286 -0.048417 1.235900 0.409633 -0.132474 1.021310 0.455559 -0.142023 0.940630
1751061817.877692 0.288711 -0.048392 1.235680 0.408695 -0.131606 1.020550 0.454583 -0.140979 0.939835
1751061817.979576 0.288592 -0.047760 1.235520 0.408159 -0.130628 1.020020 0.453671 -0.140062 0.939100
1751061818.082081 0.288374 -0.047375 1.235360 0.407594 -0.129610 1.019400 0.452899 -0.138874 0.938376
1751061818.180953 0.288121 -0.046941 1.235190 0.406926 -0.128450 1.018760 0.452140 -0.137626 0.937636
1751061818.283671 0.287734 -0.047245 1.235090 0.406437 -0.127114 1.018000 0.451046 -0.135847 0.936490
1751061818.390480 0.287828 -0.047397 1.235160 0.407036 -0.127920 1.018580 0.451692 -0.136754 0.937115
