1751062004.290821 0.298641 -0.068534 1.244400 0.302738 -0.259406 1.067900 0.280869 -0.315518 0.996612
1751062004.402635 0.314367 -0.077481 1.254600 0.356435 -0.278192 1.094770 0.345516 -0.342851 1.028360
1751062004.506459 0.326168 -0.087932 1.264880 0.395743 -0.292731 1.120600 0.394271 -0.363244 1.059480
1751062004.606469 0.331143 -0.100251 1.273130 0.420328 -0.297649 1.129320 0.427270 -0.368209 1.068640
1751062004.709196 0.328561 -0.114637 1.278580 0.426277 -0.300395 1.125140 0.436719 -0.364677 1.058290
1751062004.814633 0.323786 -0.116570 1.276600 0.415555 -0.296175 1.112530 0.424690 -0.356270 1.041710
1751062004.918127 0.322820 -0.114297 1.274800 0.411172 -0.293480 1.108410 0.419186 -0.355040 1.038720
1751062005.025159 0.330767 -0.104030 1.274650 0.413577 -0.300199 1.125450 0.417664 -0.367088 1.060500
1751062005.126051 0.341630 -0.092911 1.276920 0.403174 -0.315878 1.158180 0.398654 -0.389019 1.100390
1751062005.229988 0.349407 -0.088087 1.280520 0.369720 -0.330039 1.187530 0.353305 -0.407472 1.138090
1751062005.331546 0.347330 -0.098406 1.283520 0.311322 -0.344070 1.206300 0.278827 -0.420003 1.162900
1751062005.431578 0.331958 -0.115437 1.281250 0.240309 -0.348741 1.212180 0.191095 -0.416294 1.170660
1751062005.536982 0.299693 -0.135254 1.273940 0.161696 -0.346843 1.212400 0.098011 -0.401006 1.170920
1751062005.640901 0.259229 -0.154155 1.269940 0.086056 -0.335565 1.201370 0.014056 -0.374395 1.156450
1751062005.742229 0.219269 -0.160220 1.265440 0.025284 -0.312570 1.183220 -0.049764 -0.339293 1.134610
1751062005.844710 0.185253 -0.156739 1.261220 -0.017773 -0.283733 1.159970 -0.091751 -0.301515 1.105920
1751062005.955743 0.158521 -0.146958 1.256950 -0.037370 -0.256110 1.125370 -0.105488 -0.269465 1.062990
1751062006.057278 0.151117 -0.136280 1.251710 -0.031933 -0.241058 1.099600 -0.094620 -0.255272 1.032010
1751062006.158188 0.152843 -0.137890 1.252350 -0.031416 -0.242442 1.101630 -0.093737 -0.256755 1.033650
1751062006.261800 0.157912 -0.143322 1.254810 -0.027039 -0.250787 1.107010 -0.089352 -0.266252 1.039280
1751062006.362339 0.168520 -0.143066 1.253400 -0.019031 -0.259632 1.116220 -0.084043 -0.277036 1.051560
1751062006.466089 0.185338 -0.143981 1.253000 -0.001914 -0.273071 1.127110 -0.069877 -0.293856 1.066620
1751062006.570679 0.204838 -0.145309 1.254310 0.027961 -0.296202 1.137930 -0.040649 -0.324109 1.081150
1751062006.674940 0.224281 -0.146330 1.256950 0.066335 -0.318743 1.143250 0.001219 -0.355862 1.087650
1751062006.778113 0.244270 -0.142403 1.258300 0.111819 -0.334150 1.143020 0.053175 -0.379690 1.086480
1751062006.891419 0.260268 -0.134300 1.257770 0.154424 -0.338533 1.136580 0.103300 -0.390193 1.078040
1751062006.995320 0.268199 -0.126815 1.256120 0.177044 -0.334736 1.129400 0.130487 -0.388411 1.068890
1751062007.093862 0.268737 -0.124950 1.255310 0.177938 -0.332085 1.127050 0.131839 -0.385537 1.066000
1751062007.203017 0.262208 -0.130208 1.256060 0.157734 -0.334412 1.133650 0.107477 -0.385847 1.074160
1751062007.304446 0.250754 -0.139548 1.258170 0.126961 -0.336782 1.142530 0.071006 -0.384672 1.085210
1751062007.404319 0.230793 -0.150660 1.260700 0.081655 -0.335574 1.155070 0.018432 -0.377412 1.100650
1751062007.521971 0.205212 -0.160075 1.263970 0.030856 -0.324120 1.162530 -0.039083 -0.356611 1.109970
1751062007.622575 0.181494 -0.163005 1.265690 -0.006963 -0.306384 1.158330 -0.079229 -0.331047 1.104670
1751062007.725662 0.160701 -0.159528 1.264960 -0.030088 -0.287963 1.143700 -0.099783 -0.307092 1.084650
1751062007.828184 0.148046 -0.150822 1.261050 -0.033035 -0.269186 1.116830 -0.095968 -0.286547 1.050100
1751062007.932337 0.146684 -0.141261 1.255350 -0.029102 -0.254979 1.101190 -0.090126 -0.270186 1.032230
1751062008.037075 0.153806 -0.142002 1.254600 -0.028245 -0.257794 1.109520 -0.093193 -0.270845 1.043780
1751062008.137151 0.169433 -0.145466 1.254830 -0.022058 -0.272197 1.132890 -0.091645 -0.286208 1.072300
1751062008.238656 0.192811 -0.152189 1.258180 -0.005031 -0.296758 1.171240 -0.079786 -0.314570 1.118290
1751062008.339006 0.215272 -0.157226 1.262890 0.025092 -0.325567 1.207200 -0.052428 -0.351428 1.162200
1751062008.449427 0.241742 -0.159299 1.268800 0.070784 -0.351489 1.230920 -0.005262 -0.388786 1.191730
1751062008.554292 0.269152 -0.155430 1.274160 0.132362 -0.374429 1.243690 0.062941 -0.425190 1.207450
1751062008.658528 0.292924 -0.145823 1.277460 0.198874 -0.385621 1.242080 0.140966 -0.448838 1.205200
1751062008.759114 0.316538 -0.131665 1.280940 0.271261 -0.382556 1.229920 0.227535 -0.454472 1.189600
1751062008.871570 0.337608 -0.113860 1.284200 0.342104 -0.360638 1.202540 0.314489 -0.436040 1.154990
1751062008.975167 0.347136 -0.099155 1.283730 0.394974 -0.331103 1.176400 0.381935 -0.406906 1.123580
1751062009.075539 0.351856 -0.090380 1.283350 0.430438 -0.307819 1.164420 0.429231 -0.382477 1.108430
1751062009.183475 0.356708 -0.084846 1.284800 0.454461 -0.290669 1.159620 0.460333 -0.363366 1.101390
1751062009.286756 0.358140 -0.084156 1.285720 0.462194 -0.279473 1.149250 0.471077 -0.348636 1.087220
1751062009.390665 0.354408 -0.088836 1.284680 0.466304 -0.271701 1.137580 0.478500 -0.336972 1.072000
1751062009.494169 0.352763 -0.094863 1.286050 0.466646 -0.277099 1.139690 0.480002 -0.342172 1.074140
1751062009.595238 0.352258 -0.092528 1.284600 0.462363 -0.285641 1.149750 0.475009 -0.353689 1.087150
1751062009.703495 0.345348 -0.082153 1.275210 0.430375 -0.306828 1.175750 0.433028 -0.385201 1.125150
1751062009.804432 0.336017 -0.073702 1.265900 0.368923 -0.316884 1.180030 0.352225 -0.397834 1.136690
1751062009.907130 0.315496 -0.069529 1.252700 0.286217 -0.309631 1.157380 0.249499 -0.382038 1.111300
1751062010.010073 0.288382 -0.068547 1.240170 0.221104 -0.292137 1.125800 0.173672 -0.353354 1.073720
1751062010.121383 0.250213 -0.066256 1.227890 0.157145 -0.267182 1.091630 0.104689 -0.315489 1.031430
1751062010.225130 0.224110 -0.068650 1.223890 0.125024 -0.256219 1.073560 0.073347 -0.298382 1.008280
1751062010.328435 0.208925 -0.072218 1.223330 0.110745 -0.248479 1.059340 0.062030 -0.287008 0.989688
1751062010.429461 0.202959 -0.074318 1.223550 0.107808 -0.248592 1.055700 0.060990 -0.286653 0.984502
1751062010.531686 0.203247 -0.074981 1.223750 0.111240 -0.248620 1.053500 0.065662 -0.287313 0.981844
1751062010.637195 0.203909 -0.076941 1.224330 0.115708 -0.247224 1.048700 0.072235 -0.286478 0.976114
1751062010.740311 0.206637 -0.075741 1.224150 0.120757 -0.246293 1.047690 0.077562 -0.286262 0.975264
1751062010.857082 0.209538 -0.074816 1.224080 0.122433 -0.246045 1.048890 0.079072 -0.285898 0.976497
