1751062066.920973 0.306061 -0.079101 1.250970 0.330275 -0.284438 1.093330 0.315439 -0.350492 1.029090
1751062067.022228 0.325114 -0.077210 1.260420 0.381657 -0.281384 1.109700 0.377370 -0.352181 1.049050
1751062067.125645 0.336812 -0.083441 1.269850 0.422443 -0.282643 1.126370 0.428266 -0.354865 1.067550
1751062067.224928 0.343744 -0.091353 1.277750 0.447208 -0.280518 1.132450 0.459946 -0.350506 1.072040
1751062067.325300 0.346532 -0.096682 1.282100 0.456642 -0.274799 1.128010 0.472344 -0.339460 1.062580
1751062067.426599 0.343359 -0.099182 1.280960 0.454024 -0.270213 1.119400 0.470594 -0.332242 1.051670
1751062067.535517 0.338179 -0.104023 1.279600 0.448710 -0.271660 1.114430 0.465088 -0.333319 1.046320
1751062067.641886 0.336527 -0.102729 1.277840 0.445206 -0.274941 1.116190 0.459751 -0.338516 1.049430
1751062067.743971 0.339532 -0.096533 1.277040 0.444658 -0.280393 1.126230 0.456276 -0.347296 1.062210
1751062067.848498 0.347173 -0.084090 1.277200 0.445975 -0.283925 1.143460 0.453686 -0.355563 1.084150
1751062067.952142 0.358031 -0.068301 1.279890 0.442411 -0.290337 1.174150 0.443960 -0.367567 1.121780
1751062068.057644 0.368378 -0.052650 1.283890 0.423909 -0.294294 1.205630 0.416294 -0.375971 1.161130
1751062068.157239 0.375830 -0.038218 1.287270 0.395920 -0.290215 1.226490 0.377209 -0.373495 1.188760
1751062068.257151 0.376152 -0.032787 1.286620 0.363182 -0.286946 1.233300 0.334150 -0.368498 1.198500
1751062068.364129 0.367319 -0.032673 1.278900 0.312686 -0.282480 1.231900 0.270676 -0.358686 1.198220
1751062068.465596 0.355635 -0.036998 1.270490 0.271249 -0.277290 1.218160 0.220006 -0.346566 1.182310
1751062068.570664 0.338492 -0.045404 1.260200 0.229520 -0.272773 1.196730 0.171062 -0.332840 1.155690
1751062068.675248 0.314736 -0.050702 1.247000 0.194600 -0.269180 1.173970 0.133806 -0.323336 1.128360
1751062068.780050 0.295329 -0.051924 1.239010 0.172372 -0.261696 1.146940 0.112716 -0.311420 1.095190
1751062068.903652 0.281261 -0.049179 1.233090 0.167943 -0.246786 1.107750 0.114524 -0.292132 1.046110
1751062069.018786 0.277096 -0.050545 1.231930 0.167090 -0.245946 1.100330 0.115634 -0.290366 1.036390
1751062069.118902 0.278147 -0.057563 1.233740 0.167230 -0.250843 1.099800 0.116634 -0.294556 1.034690
1751062069.221169 0.282457 -0.059993 1.235800 0.171449 -0.256861 1.107270 0.121784 -0.301910 1.042300
1751062069.325269 0.290791 -0.052753 1.237350 0.172535 -0.255580 1.125650 0.120874 -0.306510 1.066940
1751062069.426918 0.298764 -0.046442 1.239400 0.163656 -0.249884 1.150000 0.105484 -0.301596 1.098700
1751062069.536702 0.302241 -0.046149 1.240860 0.152614 -0.244084 1.163180 0.089049 -0.292916 1.115390
1751062069.652787 0.298697 -0.051411 1.240330 0.142834 -0.244784 1.163430 0.077913 -0.291108 1.114960
1751062069.757171 0.294357 -0.057305 1.239770 0.141625 -0.251784 1.159450 0.077898 -0.298316 1.109610
1751062069.857319 0.292003 -0.062393 1.240010 0.144410 -0.259108 1.155600 0.082350 -0.306610 1.104630
1751062069.962436 0.290280 -0.066184 1.240200 0.149464 -0.264742 1.148930 0.090264 -0.313085 1.095380
1751062070.063524 0.285585 -0.074090 1.240660 0.152153 -0.270972 1.135620 0.096567 -0.318074 1.077300
1751062070.171544 0.272587 -0.083400 1.238980 0.152313 -0.275779 1.112000 0.101855 -0.320238 1.047290
1751062070.274243 0.262507 -0.087814 1.237400 0.147054 -0.279947 1.105660 0.096231 -0.323574 1.040670
1751062070.377263 0.264421 -0.088227 1.238090 0.146671 -0.288953 1.122140 0.092789 -0.333966 1.060660
1751062070.486318 0.277633 -0.082890 1.240510 0.161380 -0.301587 1.161410 0.104028 -0.351828 1.107590
1751062070.589151 0.294843 -0.072917 1.244010 0.189255 -0.307653 1.207270 0.130428 -0.365984 1.164300
1751062070.689950 0.315114 -0.060271 1.250060 0.236309 -0.308027 1.252650 0.181934 -0.376894 1.220860
1751062070.790814 0.335674 -0.045599 1.258460 0.301674 -0.302226 1.282600 0.258420 -0.381487 1.259000
1751062070.893737 0.358743 -0.027926 1.271510 0.379479 -0.285334 1.301700 0.353543 -0.372724 1.281700
1751062071.002226 0.377141 -0.000527 1.284920 0.456499 -0.246671 1.311670 0.450844 -0.337709 1.291930
1751062071.103737 0.387089 0.028611 1.296380 0.522297 -0.192844 1.313000 0.538644 -0.282177 1.291510
1751062071.206894 0.392654 0.049750 1.306500 0.580240 -0.130262 1.303860 0.619600 -0.210781 1.277840
1751062071.306657 0.396246 0.064867 1.315280 0.619581 -0.065382 1.287770 0.675529 -0.132915 1.255850
1751062071.415150 0.400374 0.073816 1.323800 0.645144 0.016492 1.257460 0.712523 -0.033318 1.216360
1751062071.515327 0.398043 0.083060 1.325210 0.637429 0.083281 1.223750 0.709762 0.051335 1.174180
1751062071.618521 0.391702 0.087894 1.320000 0.619664 0.121434 1.199570 0.692778 0.102226 1.144840
1751062071.721606 0.385702 0.091434 1.315040 0.601696 0.147844 1.181750 0.673905 0.136760 1.123680
1751062071.823337 0.380090 0.095243 1.311000 0.590470 0.158187 1.171000 0.661171 0.150352 1.111380
1751062071.924356 0.378711 0.095102 1.309500 0.587255 0.154937 1.166220 0.655870 0.147579 1.103390
1751062072.025547 0.379460 0.095595 1.310530 0.588020 0.154858 1.167040 0.657381 0.147897 1.104900
1751062072.135176 0.380843 0.097992 1.313260 0.592948 0.154058 1.173730 0.665031 0.146368 1.114960
1751062072.236488 0.382483 0.099470 1.315840 0.607294 0.138306 1.191130 0.682200 0.125459 1.136970
1751062072.335669 0.383630 0.100469 1.317660 0.620168 0.114625 1.210660 0.696538 0.093290 1.161440
1751062072.452788 0.384355 0.097778 1.316940 0.628447 0.072147 1.231140 0.703028 0.037238 1.187220
1751062072.557405 0.383923 0.090560 1.312660 0.625986 0.024054 1.244970 0.695467 -0.023601 1.204830
1751062072.657682 0.381724 0.081424 1.306080 0.600864 -0.049456 1.256600 0.658250 -0.114078 1.221380
1751062072.763555 0.380423 0.065108 1.298500 0.542013 -0.134546 1.258180 0.575195 -0.215692 1.226180
1751062072.868252 0.379648 0.040689 1.291260 0.481995 -0.194711 1.249880 0.492005 -0.281572 1.217250
1751062072.969216 0.371282 0.007615 1.279940 0.413677 -0.243150 1.225910 0.402261 -0.328279 1.189400
1751062073.070370 0.353846 -0.023365 1.267340 0.353747 -0.272703 1.193650 0.328470 -0.351940 1.151300
1751062073.174048 0.328400 -0.053457 1.255730 0.289928 -0.290900 1.157040 0.253112 -0.360952 1.107570
1751062073.276579 0.302329 -0.066756 1.245550 0.236311 -0.291679 1.133080 0.191884 -0.353324 1.078890
1751062073.378542 0.280863 -0.074589 1.239070 0.196822 -0.284892 1.111360 0.148080 -0.338746 1.052760
1751062073.480221 0.262054 -0.081286 1.235120 0.165826 -0.270791 1.085360 0.116220 -0.316280 1.020710
1751062073.587093 0.246889 -0.085582 1.232700 0.147606 -0.251967 1.059360 0.100484 -0.290266 0.988496
1751062073.690279 0.235239 -0.085456 1.230420 0.137819 -0.239543 1.045040 0.092824 -0.274623 0.971188
1751062073.792251 0.230311 -0.081335 1.228320 0.133220 -0.231878 1.039880 0.088329 -0.266148 0.965584
1751062073.893340 0.228953 -0.078978 1.227400 0.131477 -0.226256 1.036600 0.086172 -0.259722 0.962188
1751062073.997774 0.227726 -0.078527 1.227090 0.130319 -0.225850 1.036200 0.085424 -0.258798 0.961399
1751062074.101910 0.227532 -0.078810 1.227150 0.130226 -0.230628 1.039800 0.084105 -0.265259 0.966479
1751062074.202145 0.227407 -0.080172 1.227540 0.129541 -0.234322 1.042440 0.083172 -0.269462 0.969478
