1751061459.595184 0.344525 -0.004423 1.275470 0.560482 -0.004423 1.275490 0.666709 -0.004422 1.275510
1751061464.162917 0.290416 -0.025592 1.233080 0.438645 -0.165728 1.071860 0.508292 -0.215360 1.034500
1751061464.264961 0.296650 -0.040771 1.237530 0.438712 -0.210480 1.101090 0.503006 -0.269638 1.068280
1751061464.366086 0.296766 -0.064259 1.242450 0.405138 -0.269189 1.124730 0.456274 -0.338613 1.089020
1751061464.471315 0.291014 -0.088047 1.247340 0.356464 -0.317805 1.144740 0.394400 -0.394790 1.108080
1751061464.571368 0.281164 -0.104455 1.249930 0.307897 -0.347774 1.162290 0.333861 -0.428772 1.123880
1751061464.675039 0.272554 -0.115206 1.251700 0.252873 -0.360913 1.169010 0.261438 -0.444984 1.129400
1751061464.777174 0.268513 -0.117026 1.251240 0.219791 -0.353955 1.155900 0.218286 -0.434670 1.109070
1751061464.877411 0.267856 -0.114991 1.250060 0.205750 -0.340544 1.136620 0.200031 -0.414973 1.080610
1751061464.979894 0.267576 -0.110096 1.247700 0.204294 -0.322659 1.112020 0.200483 -0.387832 1.045330
1751061465.087211 0.265519 -0.106237 1.245380 0.207299 -0.308190 1.092330 0.205331 -0.369574 1.022060
1751061465.190683 0.263180 -0.105921 1.244550 0.211052 -0.304398 1.084890 0.213419 -0.365113 1.014060
1751061465.291558 0.261168 -0.108583 1.245110 0.215130 -0.306608 1.083040 0.219301 -0.370518 1.015160
1751061465.393233 0.262470 -0.109904 1.246070 0.219394 -0.309471 1.085090 0.222243 -0.378230 1.022050
1751061465.493961 0.269477 -0.110999 1.248730 0.229604 -0.322374 1.102680 0.232898 -0.398185 1.048350
1751061465.595439 0.283222 -0.108176 1.252350 0.254770 -0.334648 1.127800 0.262497 -0.415470 1.081800
1751061465.695305 0.308416 -0.099135 1.259640 0.306263 -0.341127 1.164580 0.324355 -0.424984 1.127830
1751061465.802638 0.334291 -0.086999 1.269560 0.371643 -0.334708 1.199960 0.403882 -0.416778 1.169380
1751061465.905802 0.355795 -0.072417 1.279000 0.434214 -0.313470 1.221670 0.480621 -0.388934 1.192320
1751061466.005765 0.374407 -0.055239 1.289800 0.499008 -0.276062 1.232320 0.559518 -0.339910 1.201150
1751061466.109107 0.391142 -0.036374 1.301830 0.558110 -0.223320 1.232750 0.629938 -0.270750 1.196680
1751061466.211666 0.399751 -0.025814 1.309500 0.594436 -0.177947 1.228560 0.672112 -0.210561 1.188410
1751061466.317352 0.404192 -0.014105 1.313410 0.622153 -0.121828 1.221200 0.702261 -0.136677 1.175760
1751061466.420871 0.406410 -0.001067 1.315530 0.635716 -0.069116 1.213610 0.715044 -0.069117 1.164400
1751061466.526075 0.404924 0.010570 1.314040 0.635722 -0.014356 1.196950 0.710716 -0.000966 1.143040
1751061466.625885 0.402122 0.020797 1.311610 0.624481 0.029166 1.177130 0.694641 0.050942 1.119570
1751061466.731187 0.397286 0.033705 1.308000 0.608350 0.066609 1.159780 0.672746 0.095057 1.098520
1751061466.837692 0.392664 0.040960 1.304380 0.594957 0.088639 1.148100 0.654554 0.121124 1.084110
1751061466.941749 0.392516 0.040285 1.304080 0.587876 0.096892 1.142120 0.644032 0.131750 1.076240
1751061467.042910 0.392316 0.038655 1.303530 0.579587 0.102620 1.134890 0.629375 0.138982 1.064830
1751061467.144785 0.393689 0.036899 1.304650 0.580067 0.103338 1.135980 0.626083 0.140766 1.063930
1751061467.264894 0.394114 0.037532 1.305200 0.580850 0.104863 1.137320 0.624766 0.142079 1.063860
1751061467.366749 0.394622 0.038226 1.305930 0.581252 0.106428 1.138250 0.625370 0.143933 1.065060
1751061467.469426 0.393463 0.041733 1.305420 0.585274 0.106740 1.142370 0.632441 0.143887 1.070920
1751061467.574013 0.391332 0.049447 1.304990 0.609534 0.085918 1.168400 0.669588 0.118967 1.105070
1751061467.675134 0.390800 0.047553 1.303940 0.627931 0.033644 1.198200 0.700595 0.054432 1.143400
1751061467.779178 0.392878 0.037258 1.303850 0.630403 -0.014771 1.211790 0.707318 -0.004846 1.159870
1751061467.881140 0.394850 0.020267 1.303390 0.625432 -0.063187 1.216980 0.703762 -0.063589 1.166240
1751061467.983540 0.392833 0.000986 1.300170 0.614233 -0.105676 1.215290 0.692415 -0.114704 1.165130
1751061468.086607 0.387927 -0.013805 1.295620 0.600459 -0.136199 1.209310 0.677800 -0.152496 1.159690
1751061468.194238 0.381313 -0.027456 1.290600 0.582548 -0.163432 1.197780 0.657134 -0.185642 1.146270
1751061468.304450 0.375851 -0.036591 1.286990 0.567277 -0.181272 1.186870 0.638842 -0.206780 1.132670
1751061468.409529 0.372322 -0.042001 1.284880 0.555495 -0.193621 1.179720 0.624985 -0.221290 1.123900
1751061468.512170 0.373736 -0.043595 1.286460 0.558439 -0.194886 1.183520 0.628583 -0.221969 1.128240
1751061468.622693 0.380313 -0.041444 1.292040 0.574342 -0.183952 1.193800 0.646851 -0.207328 1.139930
1751061468.724251 0.388048 -0.034523 1.298300 0.594064 -0.160867 1.202410 0.668014 -0.177731 1.148030
1751061468.823215 0.397414 -0.023400 1.306560 0.616826 -0.124573 1.210530 0.691495 -0.131056 1.154920
1751061468.930017 0.404376 -0.010997 1.313410 0.634035 -0.083522 1.215450 0.707954 -0.079822 1.158600
1751061469.037931 0.409796 0.004354 1.319700 0.645438 -0.034621 1.217000 0.716213 -0.020126 1.157970
1751061469.140071 0.413180 0.019417 1.325230 0.649410 0.012956 1.216810 0.715550 0.037073 1.155500
1751061469.243401 0.413797 0.029836 1.327590 0.646270 0.050520 1.213010 0.708726 0.080820 1.150600
1751061469.345331 0.412344 0.033403 1.326320 0.634774 0.077051 1.198960 0.691148 0.111768 1.133190
1751061469.451053 0.408085 0.038164 1.321780 0.621377 0.093773 1.183890 0.673617 0.129246 1.115170
1751061469.555727 0.402620 0.039313 1.315300 0.611451 0.094044 1.170400 0.661476 0.127670 1.099100
1751061469.660156 0.398785 0.035335 1.310000 0.598267 0.094379 1.154050 0.644138 0.126739 1.079490
1751061469.760137 0.397417 0.034622 1.308320 0.594038 0.094453 1.149070 0.639613 0.127076 1.074450
1751061469.871686 0.396482 0.033290 1.307030 0.591154 0.093372 1.145500 0.635766 0.127739 1.071080
1751061469.973090 0.396300 0.031515 1.306520 0.588976 0.092956 1.143120 0.635556 0.127213 1.069860
1751061470.076898 0.392784 0.031307 1.302670 0.579704 0.095507 1.133740 0.626098 0.130039 1.060490
1751061470.177182 0.394756 0.034386 1.305330 0.585222 0.094711 1.138950 0.633863 0.129071 1.067090
1751061470.289874 0.396622 0.036248 1.307740 0.601080 0.080599 1.153370 0.654086 0.113147 1.083800
1751061470.398537 0.400267 0.033902 1.311430 0.619548 0.050626 1.172740 0.679264 0.078355 1.106590
1751061470.501600 0.401612 0.026282 1.311730 0.628960 0.009508 1.186700 0.695763 0.029668 1.124730
1751061470.606217 0.404720 0.016270 1.314200 0.633357 -0.035296 1.201680 0.705586 -0.025639 1.143380
1751061470.716092 0.404972 0.002827 1.313810 0.626035 -0.090195 1.213420 0.701790 -0.093868 1.159040
1751061470.821742 0.404120 -0.015963 1.313480 0.610236 -0.143190 1.218980 0.685378 -0.158274 1.165730
1751061470.925260 0.401504 -0.035470 1.313170 0.586984 -0.193978 1.223330 0.659567 -0.220055 1.170780
1751061471.033685 0.396281 -0.056465 1.312400 0.550194 -0.248916 1.229570 0.617799 -0.288324 1.178710
1751061471.135996 0.387490 -0.079000 1.311100 0.500336 -0.300941 1.236220 0.559176 -0.354783 1.187760
1751061471.237664 0.376926 -0.098496 1.309460 0.452634 -0.338426 1.243800 0.502299 -0.403120 1.198510
1751061471.340732 0.362419 -0.118139 1.306880 0.395808 -0.368516 1.245260 0.433674 -0.441799 1.201610
1751061471.442192 0.345751 -0.134661 1.303440 0.337883 -0.384713 1.232640 0.362429 -0.462604 1.187470
1751061471.548646 0.328670 -0.141991 1.295690 0.290218 -0.384782 1.210990 0.304561 -0.463184 1.162440
1751061471.655580 0.312968 -0.141668 1.285330 0.257808 -0.379525 1.195990 0.264861 -0.458998 1.147580
1751061471.755343 0.297087 -0.138425 1.274630 0.230484 -0.369706 1.176280 0.231797 -0.448793 1.126750
1751061471.858912 0.286964 -0.128558 1.264130 0.211827 -0.350744 1.151900 0.209132 -0.428266 1.100040
1751061471.960607 0.281513 -0.119931 1.257310 0.205476 -0.335326 1.133120 0.201649 -0.410531 1.077990
1751061472.065191 0.271986 -0.115389 1.251610 0.199645 -0.324038 1.114380 0.196724 -0.395358 1.054260
1751061472.170498 0.263586 -0.119405 1.250860 0.195901 -0.320348 1.100390 0.193730 -0.388177 1.036300
1751061472.271509 0.259670 -0.124415 1.252220 0.190470 -0.325844 1.103100 0.188378 -0.393783 1.039150
1751061472.375667 0.258049 -0.128257 1.253780 0.189474 -0.330335 1.105250 0.188277 -0.397256 1.040210
1751061472.477031 0.259779 -0.128309 1.254310 0.192576 -0.334782 1.111290 0.192040 -0.402327 1.046900
1751061472.584685 0.267319 -0.125423 1.255100 0.206154 -0.339942 1.121530 0.207527 -0.409877 1.059750
1751061472.689128 0.284859 -0.119353 1.258340 0.245586 -0.349349 1.143630 0.254362 -0.424974 1.089650
1751061472.793455 0.304820 -0.109855 1.262660 0.304186 -0.347695 1.157620 0.325863 -0.423262 1.107330
1751061472.894391 0.322374 -0.097955 1.266740 0.362699 -0.332110 1.161170 0.397189 -0.402709 1.110810
1751061472.993579 0.335881 -0.083396 1.269220 0.418360 -0.302441 1.156010 0.465307 -0.364358 1.104320
1751061473.095369 0.340611 -0.074386 1.269180 0.459318 -0.268863 1.143930 0.514964 -0.319770 1.088960
1751061473.195737 0.341493 -0.065804 1.267100 0.488923 -0.229493 1.129000 0.550904 -0.270114 1.072280
1751061473.296851 0.337854 -0.057768 1.262540 0.495292 -0.199331 1.111630 0.559172 -0.233419 1.052750
1751061473.404234 0.330874 -0.048853 1.256200 0.487972 -0.167354 1.086260 0.550556 -0.195160 1.022860
1751061473.506745 0.320692 -0.041788 1.249120 0.471164 -0.139151 1.060760 0.530644 -0.161770 0.992499
1751061473.610061 0.313156 -0.041115 1.245120 0.456582 -0.125235 1.045240 0.514704 -0.145628 0.975129
1751061473.722936 0.306006 -0.041264 1.241720 0.443676 -0.118840 1.035250 0.502683 -0.139544 0.965980
1751061473.825492 0.302269 -0.041202 1.240020 0.436454 -0.117485 1.030790 0.494716 -0.137889 0.960800
1751061473.924770 0.299933 -0.040876 1.238940 0.431839 -0.117529 1.028410 0.488636 -0.138444 0.957375
1751061474.025830 0.299233 -0.040390 1.238560 0.429314 -0.117118 1.026920 0.484177 -0.138267 0.954454
1751061474.128012 0.298525 -0.040378 1.238260 0.426305 -0.115794 1.024700 0.477721 -0.135909 0.949516
1751061474.234131 0.297654 -0.040471 1.237910 0.424884 -0.116406 1.024200 0.474481 -0.135305 0.947496
1751061474.334471 0.298082 -0.041717 1.238290 0.425997 -0.116503 1.024640 0.475153 -0.134435 0.947360
1751061474.433289 0.297902 -0.042753 1.238380 0.425258 -0.115802 1.023800 0.474098 -0.133162 0.946200
1751061474.534822 0.298271 -0.044049 1.238760 0.425454 -0.116153 1.023760 0.473781 -0.132811 0.945683
1751061474.639104 0.298135 -0.044844 1.238840 0.424915 -0.115530 1.023130 0.472565 -0.131609 0.944520
1751061474.742395 0.298612 -0.045582 1.239180 0.425816 -0.116913 1.023930 0.473795 -0.132994 0.945518
