1751061570.839178 0.279831 -0.038038 1.230740 0.400102 -0.192638 1.059760 0.466676 -0.246630 1.022850
1751061570.938511 0.287530 -0.053617 1.236200 0.388045 -0.246508 1.093820 0.444872 -0.313093 1.061470
1751061571.039408 0.291791 -0.073356 1.242880 0.354604 -0.297994 1.128020 0.397847 -0.374839 1.097450
1751061571.146469 0.284995 -0.092098 1.246430 0.289540 -0.336096 1.156740 0.315429 -0.422536 1.132910
1751061571.247439 0.273406 -0.103300 1.246670 0.230583 -0.346751 1.166070 0.238821 -0.436236 1.140880
1751061571.347266 0.264389 -0.109363 1.246400 0.192012 -0.344716 1.162900 0.189386 -0.432130 1.130330
1751061571.458646 0.259616 -0.109451 1.245050 0.169682 -0.332058 1.145270 0.162834 -0.414237 1.101570
1751061571.583879 0.255422 -0.104124 1.241640 0.164470 -0.311898 1.114530 0.160711 -0.384550 1.056070
1751061571.691543 0.249342 -0.101737 1.239170 0.167563 -0.300042 1.092200 0.168122 -0.367828 1.028100
1751061571.791399 0.241367 -0.099526 1.236570 0.165544 -0.292280 1.079420 0.167692 -0.360136 1.015380
1751061571.906044 0.236900 -0.097884 1.235090 0.167164 -0.289238 1.073470 0.169598 -0.359036 1.011570
1751061572.014647 0.248985 -0.097993 1.237620 0.174756 -0.310426 1.107380 0.177196 -0.387958 1.055490
1751061572.124184 0.267287 -0.097087 1.242000 0.200593 -0.329398 1.146370 0.206331 -0.413909 1.107190
1751061572.238939 0.288494 -0.100488 1.251120 0.244949 -0.347553 1.182830 0.259283 -0.433966 1.150630
1751061572.342083 0.308463 -0.105557 1.262490 0.295603 -0.357904 1.201210 0.320469 -0.441849 1.168890
1751061572.462242 0.324150 -0.113034 1.274960 0.356485 -0.358706 1.196220 0.393232 -0.434373 1.155800
1751061572.573006 0.329339 -0.119501 1.281760 0.394557 -0.349119 1.178700 0.439719 -0.414586 1.129870
1751061572.680445 0.327277 -0.124363 1.283220 0.417654 -0.334064 1.158890 0.468768 -0.389531 1.103930
1751061572.779421 0.322405 -0.125052 1.280520 0.425877 -0.319048 1.141740 0.479350 -0.368678 1.083540
1751061572.884953 0.316444 -0.127573 1.278400 0.427683 -0.306983 1.126620 0.481452 -0.353184 1.065920
1751061572.985348 0.309503 -0.132623 1.277490 0.425068 -0.301844 1.117460 0.478085 -0.344867 1.053800
1751061573.085191 0.305242 -0.138510 1.278870 0.421987 -0.306561 1.118470 0.474595 -0.347874 1.053390
1751061573.187460 0.304461 -0.143528 1.281700 0.420968 -0.313231 1.122950 0.473432 -0.354022 1.057420
1751061573.290309 0.305731 -0.145842 1.284060 0.423150 -0.318608 1.129260 0.475863 -0.358657 1.063480
1751061573.390222 0.307617 -0.144092 1.283900 0.420894 -0.330370 1.142240 0.473962 -0.375724 1.080300
1751061573.493587 0.308339 -0.141660 1.282650 0.410776 -0.343259 1.154340 0.462545 -0.395008 1.096440
1751061573.607555 0.305041 -0.138092 1.278000 0.381550 -0.357520 1.161800 0.428380 -0.416697 1.106980
1751061573.723999 0.293937 -0.129010 1.267470 0.331401 -0.359481 1.153100 0.366911 -0.427691 1.100220
1751061573.828432 0.276648 -0.119375 1.255200 0.279338 -0.348967 1.133200 0.302626 -0.421377 1.079140
1751061573.939839 0.254254 -0.114149 1.245700 0.234373 -0.329390 1.101240 0.246713 -0.401749 1.043610
1751061574.047433 0.233032 -0.110742 1.239650 0.197444 -0.296674 1.061430 0.200880 -0.360120 0.993078
1751061574.157690 0.222313 -0.105938 1.236030 0.182122 -0.273460 1.041300 0.180880 -0.330607 0.967530
1751061574.278881 0.221716 -0.104620 1.235420 0.183325 -0.268680 1.037400 0.181618 -0.324440 0.962590
1751061574.389337 0.225882 -0.106214 1.236620 0.193585 -0.275618 1.042000 0.194346 -0.333045 0.968488
1751061574.507534 0.233307 -0.109737 1.239260 0.209096 -0.288181 1.051720 0.213621 -0.347970 0.980210
1751061574.611115 0.245352 -0.118644 1.245690 0.235338 -0.312049 1.072210 0.246370 -0.374322 1.003580
1751061574.722319 0.262646 -0.135131 1.258970 0.279116 -0.345098 1.106510 0.301812 -0.409266 1.042660
1751061574.826409 0.279322 -0.151098 1.275040 0.324433 -0.366436 1.136500 0.357390 -0.429569 1.076180
1751061574.939227 0.294180 -0.162196 1.290120 0.369793 -0.370447 1.154050 0.411877 -0.426459 1.092400
1751061575.038806 0.303591 -0.167105 1.299360 0.406530 -0.361294 1.160450 0.455712 -0.408504 1.096720
1751061575.139482 0.308386 -0.167594 1.302680 0.429490 -0.345324 1.156500 0.482538 -0.385304 1.091020
1751061575.240531 0.307311 -0.166350 1.300930 0.437166 -0.325865 1.141890 0.489904 -0.359088 1.072430
1751061575.346081 0.301672 -0.161816 1.293830 0.433095 -0.303504 1.119900 0.482848 -0.332823 1.046590
1751061575.451029 0.295997 -0.158668 1.288280 0.424604 -0.298594 1.110850 0.477316 -0.332261 1.041590
1751061575.555757 0.295116 -0.158764 1.287900 0.421388 -0.307096 1.115700 0.476926 -0.346992 1.052190
1751061575.659400 0.301143 -0.158151 1.290620 0.424514 -0.324072 1.132900 0.481509 -0.369509 1.074700
1751061575.760484 0.307504 -0.153953 1.290980 0.424385 -0.341138 1.153500 0.481386 -0.392346 1.100220
1751061575.861625 0.315578 -0.148539 1.291700 0.412951 -0.360622 1.177160 0.467113 -0.416762 1.125930
1751061575.971703 0.323243 -0.148832 1.296990 0.390562 -0.384393 1.209930 0.439720 -0.448120 1.162690
1751061576.078471 0.322085 -0.151584 1.298320 0.358892 -0.398472 1.225580 0.400624 -0.468812 1.180630
1751061576.190571 0.312224 -0.152535 1.292710 0.318447 -0.403756 1.226010 0.351188 -0.479731 1.182800
1751061576.306545 0.296193 -0.147972 1.280530 0.270495 -0.395061 1.203800 0.292310 -0.473461 1.158120
1751061576.408068 0.282030 -0.138646 1.268010 0.232600 -0.374892 1.171340 0.245030 -0.452076 1.120370
1751061576.529423 0.272367 -0.128942 1.258700 0.213583 -0.354621 1.143750 0.220285 -0.429804 1.088860
1751061576.629270 0.261398 -0.119816 1.250410 0.204388 -0.337950 1.120920 0.209081 -0.411308 1.063420
1751061576.738956 0.251228 -0.112881 1.244380 0.200435 -0.323652 1.100870 0.204899 -0.395321 1.041260
1751061576.843940 0.244834 -0.110813 1.241970 0.192897 -0.321624 1.098930 0.196910 -0.393330 1.039330
1751061576.944919 0.245140 -0.111457 1.242320 0.190903 -0.326555 1.106710 0.195259 -0.397736 1.046510
1751061577.046178 0.252184 -0.109353 1.243000 0.202864 -0.336052 1.125680 0.208459 -0.411019 1.070300
1751061577.154811 0.267367 -0.105136 1.245480 0.242597 -0.344552 1.147170 0.255109 -0.425279 1.102040
1751061577.257173 0.284397 -0.098861 1.248830 0.299040 -0.340892 1.154980 0.324983 -0.420713 1.114180
1751061577.361980 0.302071 -0.088365 1.252300 0.371482 -0.317803 1.151600 0.414914 -0.389698 1.110920
1751061577.464346 0.319326 -0.072157 1.255560 0.440508 -0.268308 1.135400 0.499656 -0.324634 1.090250
1751061577.567614 0.326840 -0.059786 1.256340 0.476004 -0.219677 1.115680 0.541727 -0.261142 1.064000
1751061577.672742 0.329085 -0.049131 1.255200 0.490483 -0.172175 1.092690 0.557560 -0.199920 1.034030
1751061577.774575 0.323883 -0.041651 1.250830 0.481774 -0.131783 1.064960 0.545768 -0.150943 0.999796
1751061577.889500 0.314246 -0.038692 1.245270 0.461700 -0.113464 1.044610 0.522238 -0.130726 0.975714
1751061578.006943 0.302429 -0.038168 1.239600 0.438063 -0.105355 1.028220 0.498228 -0.124990 0.959633
1751061578.121897 0.295311 -0.040356 1.236910 0.424995 -0.108528 1.022120 0.487888 -0.132293 0.957402
1751061578.239792 0.286810 -0.041890 1.233800 0.411610 -0.112331 1.016800 0.477011 -0.138785 0.955794
1751061578.354772 0.281838 -0.041483 1.231960 0.409889 -0.114686 1.017800 0.478564 -0.141787 0.960761
1751061578.459028 0.278899 -0.041056 1.230800 0.407945 -0.115306 1.017720 0.477645 -0.142296 0.961843
1751061578.572469 0.275951 -0.042066 1.230050 0.405223 -0.116110 1.016970 0.475635 -0.142478 0.961680
1751061578.678389 0.274769 -0.043180 1.229850 0.404220 -0.116243 1.016530 0.474962 -0.142070 0.961419
1751061578.784349 0.274238 -0.043379 1.229710 0.403525 -0.116370 1.016270 0.474434 -0.142257 0.961400
1751061578.886767 0.273413 -0.043047 1.229400 0.403444 -0.115652 1.016280 0.474896 -0.141082 0.961897
1751061579.006267 0.273028 -0.042666 1.229210 0.403178 -0.115653 1.016300 0.474688 -0.141086 0.961995
1751061579.128148 0.272633 -0.042156 1.229010 0.403221 -0.115802 1.016590 0.474743 -0.141431 0.962393
