1751061756.530764 0.379988 -0.045099 1.292520 0.591469 -0.052018 1.141430 0.661308 -0.033841 1.082200
1751061756.633549 0.383577 -0.049894 1.297140 0.587069 -0.040752 1.135560 0.647367 -0.020851 1.067160
1751061756.736033 0.377883 -0.051218 1.292010 0.576248 -0.043810 1.124090 0.634496 -0.027076 1.053120
1751061756.837160 0.368387 -0.053220 1.284040 0.561698 -0.050455 1.110190 0.622771 -0.035409 1.041250
1751061756.939609 0.367060 -0.053908 1.283090 0.566766 -0.060221 1.116730 0.637491 -0.046706 1.057350
1751061757.041395 0.374555 -0.045964 1.287700 0.586130 -0.060643 1.137300 0.662471 -0.048866 1.084930
1751061757.144183 0.385994 -0.029835 1.295470 0.610769 -0.045260 1.165700 0.691151 -0.032998 1.119900
1751061757.245068 0.399492 -0.009656 1.307670 0.634363 -0.010800 1.196160 0.716570 0.007483 1.155940
1751061757.346795 0.410338 0.011641 1.320810 0.648567 0.040034 1.220610 0.728915 0.069122 1.183090
1751061757.451578 0.415788 0.029971 1.330340 0.649970 0.090136 1.234740 0.725878 0.130482 1.198410
1751061757.558067 0.418060 0.049531 1.338480 0.638561 0.149899 1.244100 0.706566 0.203599 1.209400
1751061757.660150 0.414816 0.063738 1.338940 0.617404 0.192786 1.239420 0.677058 0.255710 1.204000
1751061757.761385 0.408902 0.074668 1.335380 0.587269 0.225512 1.221220 0.636406 0.294898 1.182740
1751061757.862165 0.401240 0.081890 1.328660 0.561409 0.241305 1.200080 0.601853 0.312590 1.155440
1751061757.963454 0.394304 0.082070 1.320210 0.537919 0.243461 1.175540 0.571766 0.314503 1.125370
1751061758.066267 0.389819 0.079024 1.313600 0.523602 0.237698 1.157070 0.553603 0.307143 1.102420
1751061758.171076 0.384709 0.075819 1.306810 0.516230 0.228862 1.142860 0.544693 0.295188 1.083690
1751061758.272923 0.384018 0.071175 1.304270 0.516496 0.220924 1.138070 0.545250 0.286583 1.078300
1751061758.373258 0.384004 0.066769 1.302660 0.515131 0.214180 1.133320 0.543068 0.279198 1.072480
1751061758.478760 0.383432 0.068950 1.302850 0.519079 0.214203 1.135220 0.547526 0.278308 1.073650
1751061758.580613 0.385840 0.068677 1.305230 0.533641 0.211253 1.145770 0.562280 0.274726 1.083640
1751061758.690969 0.393521 0.064831 1.312150 0.580738 0.189498 1.181740 0.624118 0.254939 1.131290
1751061758.792866 0.401563 0.050392 1.316840 0.626154 0.134120 1.216100 0.688711 0.191037 1.176640
1751061758.896935 0.407266 0.025015 1.318350 0.653471 0.044784 1.237160 0.731486 0.082401 1.202400
1751061758.999291 0.406743 -0.002512 1.315950 0.651279 -0.040601 1.236250 0.735623 -0.023543 1.200130
1751061759.107009 0.397626 -0.030208 1.307780 0.629339 -0.105186 1.216740 0.713164 -0.103831 1.175740
1751061759.212257 0.381831 -0.053084 1.296260 0.591860 -0.150334 1.177810 0.669071 -0.160765 1.126440
1751061759.315057 0.364710 -0.064614 1.284100 0.555630 -0.167942 1.141060 0.621963 -0.181232 1.076770
1751061759.419173 0.349180 -0.071736 1.274300 0.523420 -0.175308 1.111470 0.582126 -0.189787 1.040380
1751061759.522739 0.336659 -0.076133 1.267150 0.498102 -0.174320 1.088560 0.550672 -0.188266 1.012720
1751061759.624585 0.332026 -0.076672 1.264390 0.489445 -0.172930 1.081220 0.540953 -0.187692 1.004810
1751061759.739107 0.333450 -0.076290 1.265160 0.491647 -0.173881 1.083360 0.543883 -0.188919 1.007500
1751061759.841150 0.335881 -0.077627 1.267160 0.497039 -0.175808 1.088300 0.550594 -0.190109 1.013220
1751061759.942564 0.336261 -0.079028 1.267890 0.500353 -0.175965 1.091040 0.555178 -0.190173 1.016860
1751061760.053590 0.339043 -0.078080 1.269390 0.508906 -0.171656 1.096210 0.565207 -0.184080 1.022800
1751061760.155915 0.349193 -0.074090 1.275090 0.532861 -0.158194 1.111410 0.593616 -0.165386 1.040930
1751061760.262454 0.367031 -0.064412 1.286000 0.569010 -0.123140 1.133220 0.635120 -0.120800 1.067390
1751061760.363540 0.387030 -0.045233 1.299460 0.603729 -0.069431 1.157840 0.671584 -0.053128 1.095880
1751061760.464007 0.404032 -0.015986 1.313380 0.627881 0.002706 1.182450 0.693771 0.033714 1.124080
1751061760.567116 0.413709 0.008784 1.325040 0.627838 0.073304 1.192420 0.686122 0.117707 1.134620
1751061760.671162 0.413761 0.034440 1.328440 0.610144 0.133872 1.190000 0.654672 0.187597 1.128090
1751061760.774113 0.407828 0.053585 1.325600 0.587485 0.174834 1.182020 0.623791 0.233440 1.119120
1751061760.876365 0.401051 0.062366 1.320080 0.564470 0.195350 1.167700 0.594549 0.254791 1.102380
1751061760.978757 0.393766 0.066689 1.313110 0.544180 0.202934 1.150500 0.571466 0.260818 1.082650
1751061761.081759 0.387862 0.066875 1.306700 0.532147 0.202286 1.138050 0.557588 0.259614 1.068940
1751061761.185625 0.385329 0.066969 1.304090 0.527678 0.202063 1.133540 0.549883 0.260888 1.064500
1751061761.287788 0.386641 0.069431 1.306350 0.538187 0.200426 1.140000 0.564137 0.260404 1.073970
1751061761.389257 0.391611 0.072599 1.312970 0.569338 0.188414 1.162630 0.604775 0.247583 1.099760
1751061761.491128 0.398734 0.070190 1.320270 0.607190 0.156174 1.190840 0.655614 0.210749 1.132640
1751061761.594659 0.409467 0.055078 1.328270 0.639452 0.092146 1.212800 0.699158 0.135016 1.155290
1751061761.697003 0.417774 0.030930 1.333310 0.654858 0.019829 1.227160 0.722969 0.049893 1.170890
1751061761.807053 0.422570 -0.009062 1.337540 0.648903 -0.075524 1.228000 0.720428 -0.064141 1.169340
1751061761.914573 0.418447 -0.044638 1.337570 0.617523 -0.159223 1.215750 0.685874 -0.164936 1.152470
1751061762.014325 0.406917 -0.078720 1.334610 0.568158 -0.236457 1.205300 0.629322 -0.256878 1.137830
1751061762.123395 0.388012 -0.109885 1.328520 0.490451 -0.307676 1.194420 0.542062 -0.341986 1.124640
1751061762.223007 0.366431 -0.135017 1.322780 0.422009 -0.350179 1.187810 0.463994 -0.395714 1.118000
1751061762.327637 0.335862 -0.158916 1.314670 0.347285 -0.379739 1.177900 0.377174 -0.433637 1.107820
1751061762.429749 0.303139 -0.171950 1.303370 0.273587 -0.389058 1.163400 0.290485 -0.446308 1.091600
1751061762.541057 0.278337 -0.174598 1.292900 0.214053 -0.377756 1.143940 0.219382 -0.435245 1.070610
1751061762.644120 0.261181 -0.171361 1.283510 0.174599 -0.360457 1.127400 0.171003 -0.416575 1.052990
1751061762.745849 0.245544 -0.165272 1.274110 0.145352 -0.340470 1.110190 0.135392 -0.393856 1.034300
1751061762.851383 0.238077 -0.158967 1.267770 0.134776 -0.323102 1.094590 0.122897 -0.372833 1.016520
1751061762.956454 0.232527 -0.149654 1.260400 0.133186 -0.310036 1.081490 0.121582 -0.358914 1.002840
1751061763.056636 0.230914 -0.147520 1.258750 0.134543 -0.309390 1.079560 0.123970 -0.357695 1.000410
1751061763.160499 0.231467 -0.148292 1.259340 0.135614 -0.312238 1.081760 0.126193 -0.360379 1.002300
1751061763.262783 0.232568 -0.150457 1.260920 0.137710 -0.318930 1.087090 0.129696 -0.369367 1.008970
1751061763.365135 0.228933 -0.152581 1.261670 0.143830 -0.328614 1.090290 0.138067 -0.382947 1.014630
1751061763.467472 0.223938 -0.152318 1.260710 0.147312 -0.327642 1.084670 0.145628 -0.379064 1.006810
1751061763.572911 0.227851 -0.149648 1.259590 0.154639 -0.332017 1.089350 0.153527 -0.384165 1.011960
1751061763.673852 0.254613 -0.143675 1.261720 0.193909 -0.347581 1.112260 0.193916 -0.410594 1.043420
1751061763.776958 0.281085 -0.139475 1.268140 0.255776 -0.358165 1.129810 0.266702 -0.425532 1.066160
1751061763.890131 0.314694 -0.128293 1.277810 0.358868 -0.347866 1.145760 0.391825 -0.410465 1.084890
1751061763.993924 0.332846 -0.114863 1.281530 0.423229 -0.318524 1.147540 0.469536 -0.372495 1.087110
1751061764.095331 0.342206 -0.094462 1.278000 0.474256 -0.265112 1.132940 0.531135 -0.306146 1.071370
1751061764.198350 0.337965 -0.077391 1.268400 0.488881 -0.210840 1.104070 0.550317 -0.240827 1.040540
1751061764.303858 0.326745 -0.064511 1.257530 0.476601 -0.169483 1.072800 0.538443 -0.191386 1.006430
1751061764.405577 0.312093 -0.054076 1.247090 0.452330 -0.141456 1.046340 0.510628 -0.159221 0.975669
1751061764.506179 0.300008 -0.048010 1.240230 0.429692 -0.127720 1.029450 0.483862 -0.145500 0.955560
1751061764.607875 0.294173 -0.045227 1.237260 0.418891 -0.124046 1.023170 0.470422 -0.142327 0.947547
1751061764.711209 0.291610 -0.043108 1.235870 0.414215 -0.122822 1.020000 0.464220 -0.140482 0.944105
1751061764.813605 0.290275 -0.041761 1.235120 0.409947 -0.120255 1.018060 0.457682 -0.137187 0.939677
1751061764.917581 0.290381 -0.040931 1.235030 0.409855 -0.119947 1.018050 0.457460 -0.136982 0.939609
1751061765.022603 0.289853 -0.040663 1.234780 0.409447 -0.118695 1.017510 0.457289 -0.135348 0.939134
1751061765.127213 0.289547 -0.040235 1.234600 0.408321 -0.117445 1.016580 0.456063 -0.134340 0.938198
1751061765.228196 0.289028 -0.039882 1.234350 0.407695 -0.116601 1.016100 0.455361 -0.133321 0.937629
1751061765.331362 0.290365 -0.039204 1.234760 0.409307 -0.115101 1.016370 0.456417 -0.131189 0.937436
1751061765.431809 0.291070 -0.039399 1.235060 0.410095 -0.114780 1.016540 0.457092 -0.130752 0.937516
1751061765.537101 0.291519 -0.039628 1.235270 0.410535 -0.113206 1.016140 0.456623 -0.128739 0.936489
1751061765.639477 0.291736 -0.040468 1.235490 0.411110 -0.113824 1.016470 0.457107 -0.129123 0.936727
