1754595172.891678 0.000698 1.570796 1.571938 1.096388 -3.140810 1.096576 -3.137345
1754595178.692786 -0.306664 1.570796 -2.940134 1.736695 2.196381 0.807846 -0.879351
1754595178.796368 -0.311236 1.570796 -3.026826 1.769874 2.147004 0.883385 -0.899164
1754595178.907344 -0.204460 1.570796 -3.138395 1.851259 2.143036 0.928841 -0.971953
1754595179.008748 -0.156716 1.570796 3.100617 1.863701 2.176531 0.940737 -1.027247
1754595179.111128 -0.122230 1.570796 3.059469 1.885593 2.219375 0.908234 -1.070647
1754595179.214170 -0.150377 1.570796 3.085567 1.868481 2.278193 0.846081 -1.090169
1754595179.318915 -0.183850 1.570796 -3.072843 1.827499 2.336907 0.786221 -1.074537
1754595179.423484 -0.226642 1.570796 -2.962028 1.776240 2.375225 0.774839 -1.062180
1754595179.529662 -0.262465 1.570796 -2.866218 1.703692 2.398979 0.799407 -1.031780
1754595179.632180 -0.261353 1.570796 -2.843178 1.660728 2.422390 0.855346 -1.031741
1754595179.740623 -0.219941 1.570796 -2.889804 1.620058 2.429207 0.902884 -1.049579
1754595179.843124 -0.169877 1.570796 -2.976573 1.594350 2.416200 0.935390 -1.084786
1754595179.947309 -0.108265 1.570796 -3.078248 1.607116 2.404071 0.949700 -1.142480
1754595180.045255 -0.059514 1.570796 -3.139545 1.619032 2.375220 0.961152 -1.163010
1754595180.148967 -0.021836 1.570796 3.110597 1.610115 2.339534 0.963308 -1.150997
1754595180.248326 0.009197 1.570796 3.087657 1.601890 2.301612 0.970343 -1.131173
1754595180.355061 0.071720 1.570796 3.064372 1.608210 2.267355 0.966269 -1.105492
1754595180.461004 0.028021 1.570796 3.105566 1.551497 2.245476 0.969439 -1.048861
1754595180.566576 0.003610 1.570796 3.124352 1.525131 2.242072 0.978949 -1.031931
1754595180.669802 -0.013571 1.570796 3.136712 1.515905 2.242663 0.988237 -1.028967
1754595180.775343 -0.031000 1.570796 -3.119035 1.513143 2.277124 0.957574 -1.028794
1754595180.877617 -0.057427 1.570796 -3.073667 1.545421 2.309531 0.910465 -1.022747
1754595180.982907 -0.062698 1.570796 -3.042158 1.626464 2.309412 0.867809 -1.016034
1754595181.087325 -0.045799 1.570796 -3.062767 1.729419 2.290343 0.848921 -1.029469
1754595181.198731 -0.014549 1.570796 -3.104070 1.795269 2.253386 0.864029 -1.028847
1754595181.287126 0.011685 1.570796 -3.129425 1.830061 2.230585 0.868893 -1.021719
1754595181.390846 -0.017331 1.570796 -3.116031 1.795863 2.246019 0.876468 -1.029159
1754595181.495139 -0.083084 1.570796 -3.082507 1.694892 2.273670 0.912639 -1.035342
1754595181.599268 -0.132651 1.570796 -3.066033 1.589168 2.302730 0.981930 -1.048089
1754595181.707556 -0.135764 1.570796 -3.070528 1.500094 2.300817 1.033037 -1.039501
1754595181.813444 -0.099282 1.570796 -3.102833 1.479655 2.256482 1.086025 -1.038242
1754595181.922245 -0.031063 1.570796 3.115204 1.534259 2.186480 1.128698 -1.065563
1754595182.015229 0.015689 1.570796 3.115915 1.515625 2.177576 1.104641 -1.026174
1754595182.117143 -0.009393 1.570796 3.109518 1.532242 2.244429 1.062497 -1.072564
1754595182.232297 -0.066571 1.570796 -3.135478 1.512732 2.290494 1.055065 -1.079946
1754595182.347749 -0.136309 1.570796 -3.056507 1.507060 2.352241 1.047837 -1.070907
1754595182.444286 -0.205984 1.570796 -2.964550 1.536417 2.415526 1.046203 -1.065254
1754595182.547215 -0.282258 1.570796 -2.879034 1.581058 2.455395 1.047074 -1.057185
1754595182.650711 -0.358625 1.570796 -2.819126 1.653715 2.461255 1.057814 -1.058521
1754595182.765873 -0.419397 1.570796 -2.810050 1.713468 2.434328 1.034857 -1.064033
1754595182.864937 -0.452980 1.570796 -2.849171 1.751694 2.392766 0.998300 -1.068492
1754595182.966357 -0.436984 1.570796 -2.938861 1.786388 2.350350 0.953310 -1.080172
1754595183.066632 -0.383726 1.570796 -3.036722 1.812950 2.300321 0.945240 -1.084570
1754595183.166937 -0.340765 1.570796 -3.099772 1.804266 2.264148 0.953466 -1.079699
1754595183.265605 -0.292593 1.570796 -3.136059 1.799746 2.240088 0.953821 -1.067272
1754595183.377679 -0.308083 1.570796 -3.135011 1.765819 2.216969 0.977532 -1.048178
1754595183.478825 -0.322587 1.570796 -3.119203 1.734851 2.205392 0.988682 -1.027242
1754595183.582357 -0.317666 1.570796 -3.116935 1.731123 2.197045 0.981959 -1.014884
1754595183.679730 -0.346133 1.570796 -3.072385 1.678202 2.182199 0.978357 -0.962598
1754595183.793551 -0.379617 1.570796 -2.994846 1.596794 2.226834 0.885475 -0.909478
1754595183.896777 -0.355639 1.570796 -2.959526 1.550366 2.256729 0.881596 -0.900757
1754595184.008864 -0.274738 1.570796 -2.970451 1.567024 2.277538 0.901200 -0.931622
1754595184.111405 -0.149224 1.570796 -3.001811 1.599379 2.280733 0.914959 -0.961396
1754595184.217207 0.000233 1.570796 -3.052535 1.642101 2.282488 0.935842 -0.999070
1754595184.317826 0.188230 1.570796 -3.120668 1.689453 2.270639 0.932404 -1.024400
1754595184.425386 0.376976 1.570796 3.091589 1.733765 2.262888 0.922373 -1.043710
1754595184.524329 0.546756 1.570796 3.033314 1.783221 2.283896 0.899573 -1.068025
1754595184.629872 0.696177 1.570796 2.974454 1.843862 2.319841 0.855162 -1.095242
1754595184.730704 0.806725 1.570796 2.923705 1.907782 2.373324 0.799683 -1.125149
1754595184.836662 0.902088 1.570796 2.887548 1.973377 2.481630 0.724463 -1.180406
1754595184.930520 0.993369 1.570796 2.858513 2.035594 2.601496 0.671517 -1.246680
1754595185.040719 1.042733 1.570796 2.839042 2.073964 2.649505 0.651565 -1.271071
1754595185.145933 1.076768 1.570796 2.859159 2.083437 2.666181 0.627311 -1.264496
1754595185.250172 1.100558 1.570796 2.849000 2.103234 2.652106 0.620290 -1.245070
1754595185.359843 1.127929 1.570796 2.841554 2.118182 2.639058 0.623053 -1.226928
1754595185.463309 1.157137 1.570796 2.841781 2.128570 2.625121 0.615330 -1.204296
