1751061655.809994 0.276224 -0.057662 1.233120 0.398005 -0.207830 1.059280 0.469019 -0.264583 1.038170
1751061655.908415 0.265676 -0.061496 1.230720 0.369126 -0.231131 1.063030 0.436729 -0.294618 1.052590
1751061656.012541 0.253433 -0.063998 1.228090 0.332738 -0.253232 1.068400 0.392691 -0.324728 1.066520
1751061656.116189 0.239019 -0.066457 1.225650 0.298008 -0.268535 1.073060 0.352366 -0.344368 1.075130
1751061656.226424 0.221646 -0.071904 1.224440 0.259747 -0.278551 1.071320 0.308306 -0.358184 1.074530
1751061656.327280 0.205247 -0.075948 1.224120 0.223877 -0.288047 1.074900 0.267743 -0.370266 1.079950
1751061656.430931 0.186780 -0.076385 1.223800 0.189578 -0.297273 1.086720 0.233414 -0.379079 1.096510
1751061656.539388 0.168064 -0.070607 1.223130 0.165495 -0.305289 1.111250 0.216676 -0.381278 1.129020
1751061656.640753 0.157332 -0.069396 1.223900 0.156209 -0.309592 1.124380 0.210961 -0.382309 1.144900
1751061656.742088 0.152162 -0.072588 1.225430 0.152076 -0.314578 1.130340 0.207736 -0.386285 1.152020
1751061656.847667 0.152631 -0.075991 1.226310 0.147800 -0.314842 1.123710 0.202391 -0.388112 1.142700
1751061656.946658 0.154170 -0.076334 1.226000 0.138848 -0.314256 1.122470 0.190256 -0.390328 1.139200
1751061657.063797 0.153155 -0.077658 1.226700 0.135628 -0.315296 1.122690 0.190365 -0.388790 1.140360
1751061657.163885 0.151107 -0.076493 1.226670 0.140919 -0.317704 1.130160 0.203139 -0.384169 1.150600
1751061657.269401 0.152713 -0.076374 1.226400 0.147094 -0.323212 1.144920 0.210652 -0.387452 1.168230
1751061657.375629 0.154381 -0.079066 1.226960 0.146898 -0.324288 1.140880 0.211851 -0.387053 1.164360
1751061657.478772 0.154038 -0.076755 1.226330 0.151111 -0.325646 1.151200 0.220482 -0.382393 1.177220
1751061657.579685 0.157676 -0.074875 1.225300 0.154122 -0.328256 1.167150 0.223391 -0.383675 1.196140
1751061657.685179 0.167615 -0.075704 1.224550 0.165864 -0.333074 1.187710 0.234683 -0.387180 1.220050
1751061657.787769 0.180063 -0.079927 1.225030 0.189148 -0.338704 1.201500 0.259255 -0.389748 1.236030
1751061657.891104 0.196061 -0.085378 1.226600 0.224720 -0.343079 1.207390 0.297354 -0.390000 1.242490
1751061657.996601 0.213584 -0.087709 1.228300 0.265398 -0.341517 1.206040 0.341449 -0.383087 1.240650
1751061658.107580 0.232359 -0.087745 1.230690 0.305796 -0.335463 1.201670 0.385106 -0.371582 1.235060
1751061658.209541 0.245766 -0.085642 1.232510 0.337855 -0.326384 1.198410 0.419498 -0.357849 1.230870
1751061658.313450 0.257064 -0.081711 1.233920 0.367514 -0.314071 1.196370 0.451588 -0.339124 1.228200
1751061658.419016 0.267540 -0.075594 1.234980 0.396191 -0.297239 1.191140 0.482093 -0.316502 1.222110
1751061658.526560 0.276302 -0.069000 1.235920 0.419099 -0.279732 1.182990 0.506529 -0.293735 1.212480
1751061658.636994 0.283577 -0.061790 1.236630 0.441664 -0.258171 1.173050 0.530386 -0.266416 1.200800
1751061658.738200 0.288398 -0.057127 1.237300 0.455383 -0.242260 1.163500 0.544887 -0.247199 1.189550
1751061658.859439 0.288462 -0.055346 1.236990 0.461453 -0.229278 1.150840 0.551616 -0.231162 1.174860
1751061658.961472 0.284316 -0.055712 1.235510 0.458253 -0.222404 1.137740 0.548935 -0.222974 1.159790
1751061659.075767 0.278000 -0.058159 1.233820 0.448710 -0.218742 1.121260 0.539922 -0.218133 1.141000
1751061659.179844 0.271172 -0.060824 1.232210 0.438730 -0.215161 1.106900 0.530392 -0.213744 1.124390
1751061659.284042 0.267805 -0.063481 1.231820 0.435366 -0.215871 1.104150 0.527120 -0.213713 1.121060
1751061659.391634 0.267800 -0.062661 1.231620 0.434166 -0.215906 1.103410 0.526003 -0.215501 1.120010
1751061659.492612 0.269343 -0.060628 1.231610 0.435149 -0.212679 1.101260 0.527092 -0.212833 1.117200
1751061659.594463 0.271288 -0.060270 1.232120 0.437297 -0.210665 1.100130 0.529339 -0.210499 1.115550
1751061659.708929 0.274683 -0.058798 1.232800 0.441771 -0.210332 1.103560 0.533715 -0.211574 1.119510
1751061659.811546 0.277050 -0.054097 1.232630 0.454351 -0.207900 1.120780 0.545721 -0.210194 1.139650
1751061659.913327 0.281981 -0.049322 1.233370 0.474002 -0.197328 1.139450 0.564834 -0.195414 1.160790
1751061660.025052 0.291467 -0.042970 1.235790 0.493420 -0.178189 1.143420 0.584110 -0.172616 1.164730
1751061660.132310 0.299089 -0.040278 1.238400 0.504651 -0.158931 1.132300 0.595471 -0.148777 1.151200
1751061660.241503 0.302091 -0.039544 1.239680 0.505759 -0.139225 1.112460 0.596645 -0.123967 1.127180
1751061660.358340 0.299905 -0.037821 1.238460 0.497701 -0.124872 1.093890 0.588420 -0.105895 1.104800
1751061660.462567 0.297078 -0.035746 1.236960 0.493389 -0.119634 1.088550 0.583637 -0.098148 1.098700
1751061660.563928 0.296877 -0.035155 1.236790 0.493669 -0.120780 1.090000 0.583914 -0.099449 1.100540
1751061660.673342 0.298376 -0.036341 1.237590 0.496762 -0.123976 1.094190 0.587106 -0.103479 1.105480
1751061660.774312 0.299174 -0.036562 1.237960 0.498691 -0.127498 1.098230 0.589148 -0.108054 1.110440
1751061660.878258 0.298363 -0.039167 1.238000 0.498699 -0.139967 1.106400 0.589688 -0.124698 1.120510
1751061660.980109 0.297723 -0.043376 1.238410 0.496544 -0.156710 1.115020 0.588131 -0.147978 1.130680
1751061661.080414 0.295200 -0.049932 1.238560 0.489882 -0.177880 1.123110 0.581585 -0.177295 1.140430
1751061661.183817 0.290854 -0.055669 1.237990 0.480392 -0.193552 1.125460 0.571754 -0.197325 1.144130
1751061661.292098 0.283410 -0.059145 1.235950 0.461654 -0.205544 1.115960 0.552823 -0.215261 1.133380
1751061661.394777 0.275585 -0.061033 1.233680 0.446398 -0.209500 1.105690 0.537505 -0.222020 1.121570
1751061661.519425 0.269593 -0.062342 1.232000 0.438831 -0.209736 1.100810 0.530046 -0.223036 1.115390
1751061661.599483 0.268576 -0.063611 1.232080 0.437815 -0.212535 1.102550 0.528601 -0.228744 1.116860
1751061661.711981 0.268542 -0.067269 1.232990 0.435910 -0.213810 1.098400 0.526840 -0.229998 1.111800
1751061661.811752 0.269119 -0.067008 1.233100 0.438231 -0.209563 1.096430 0.530011 -0.219377 1.110210
1751061661.914997 0.269875 -0.062672 1.232250 0.442641 -0.203917 1.098830 0.534642 -0.209547 1.113450
1751061662.020795 0.270090 -0.057402 1.231110 0.447589 -0.201434 1.107220 0.539362 -0.203688 1.124020
1751061662.125405 0.272166 -0.051972 1.230620 0.453234 -0.203662 1.121970 0.544421 -0.205381 1.141760
1751061662.226360 0.277242 -0.050434 1.231960 0.460672 -0.210145 1.140060 0.551042 -0.212824 1.163210
1751061662.333915 0.285734 -0.057542 1.236440 0.471448 -0.223690 1.162240 0.560881 -0.228168 1.188540
1751061662.432719 0.297818 -0.074695 1.245820 0.482206 -0.248890 1.188700 0.570505 -0.256901 1.217880
1751061662.540987 0.305519 -0.095125 1.256540 0.485843 -0.276170 1.208520 0.573210 -0.288215 1.239040
1751061662.651728 0.305754 -0.116365 1.266350 0.481760 -0.302542 1.222000 0.568440 -0.316816 1.253580
1751061662.757140 0.300560 -0.134206 1.273730 0.473659 -0.321604 1.223540 0.560250 -0.338708 1.253860
1751061662.856925 0.296913 -0.143759 1.278010 0.466105 -0.331215 1.216090 0.552838 -0.351647 1.243840
1751061662.977791 0.289122 -0.148587 1.277560 0.454248 -0.336553 1.206840 0.540874 -0.359599 1.232810
1751061663.079055 0.283302 -0.147968 1.274560 0.445811 -0.337212 1.201230 0.532430 -0.360405 1.227090
1751061663.180890 0.278775 -0.144744 1.270560 0.439686 -0.333105 1.191640 0.526613 -0.355800 1.216910
1751061663.283170 0.274107 -0.140314 1.265900 0.437444 -0.322020 1.177050 0.525049 -0.343809 1.200720
1751061663.386109 0.270333 -0.138576 1.263540 0.433653 -0.316005 1.166350 0.521996 -0.336297 1.188560
1751061663.487250 0.266157 -0.138768 1.262230 0.430000 -0.314231 1.162390 0.518914 -0.332436 1.184130
1751061663.589572 0.263798 -0.141148 1.262910 0.426079 -0.318243 1.163400 0.514436 -0.339769 1.184360
1751061663.692014 0.264474 -0.144213 1.265040 0.427198 -0.322128 1.167740 0.515141 -0.345320 1.188670
1751061663.792999 0.268064 -0.144754 1.266580 0.434805 -0.323434 1.177870 0.522634 -0.345903 1.200020
1751061663.898584 0.273521 -0.142400 1.267040 0.445163 -0.323386 1.193670 0.532664 -0.344317 1.218470
1751061663.999139 0.282191 -0.135728 1.266310 0.457117 -0.320599 1.213170 0.543584 -0.341348 1.241500
1751061664.102719 0.291770 -0.126999 1.265350 0.468342 -0.314402 1.229260 0.553669 -0.335664 1.260510
1751061664.206035 0.298366 -0.114944 1.262010 0.475634 -0.303218 1.235000 0.560390 -0.324066 1.268050
1751061664.306856 0.300967 -0.094195 1.254000 0.478898 -0.282613 1.233050 0.563492 -0.302338 1.267170
1751061664.407534 0.298259 -0.078419 1.247100 0.476651 -0.265882 1.221990 0.561671 -0.284519 1.255670
1751061664.510680 0.291222 -0.061347 1.239440 0.471301 -0.244555 1.199300 0.557693 -0.261405 1.230390
1751061664.616112 0.280501 -0.046431 1.232320 0.459010 -0.222828 1.164370 0.547259 -0.237510 1.190940
1751061664.716551 0.272410 -0.040942 1.228750 0.446811 -0.210624 1.137140 0.536455 -0.223786 1.159510
1751061664.819133 0.267395 -0.038636 1.226890 0.440210 -0.203509 1.124170 0.530684 -0.214507 1.144250
1751061664.922422 0.266330 -0.039208 1.226670 0.440356 -0.202601 1.123600 0.530970 -0.212699 1.143550
1751061665.024531 0.267877 -0.040345 1.227290 0.443772 -0.203244 1.126660 0.534297 -0.213634 1.146800
1751061665.127311 0.270297 -0.040476 1.228030 0.446863 -0.201599 1.125730 0.537326 -0.213965 1.145050
1751061665.230669 0.272565 -0.039678 1.228600 0.447860 -0.192864 1.112820 0.538086 -0.213326 1.125080
1751061665.345109 0.278896 -0.043013 1.231190 0.441775 -0.165808 1.069970 0.527156 -0.201788 1.058780
1751061665.442095 0.283584 -0.045731 1.233290 0.431513 -0.127487 1.035720 0.508850 -0.156907 0.992563
1751061665.545052 0.283532 -0.046103 1.233340 0.424729 -0.112308 1.025300 0.497531 -0.136421 0.972120
1751061665.645907 0.279256 -0.046102 1.231840 0.414946 -0.105420 1.018130 0.486484 -0.127975 0.962610
1751061665.751749 0.273450 -0.045527 1.229830 0.413195 -0.108301 1.019750 0.488460 -0.130718 0.969335
1751061665.857293 0.270596 -0.044723 1.228800 0.412730 -0.111146 1.021470 0.488962 -0.133214 0.972369
1751061665.957543 0.268777 -0.045054 1.228310 0.409683 -0.113336 1.020700 0.485670 -0.136123 0.971593
1751061666.061439 0.267346 -0.045359 1.227940 0.407562 -0.113221 1.019770 0.483025 -0.136063 0.969842
