1751061864.312343 0.285665 -0.068037 1.238990 0.293876 -0.282019 1.091530 0.269734 -0.352444 1.035200
1751061864.408678 0.305967 -0.064062 1.246520 0.349933 -0.272500 1.097460 0.338504 -0.345891 1.040950
1751061864.516860 0.325820 -0.058662 1.255470 0.399106 -0.258484 1.106140 0.398844 -0.332854 1.049760
1751061864.624857 0.345255 -0.052225 1.266110 0.451563 -0.237033 1.117300 0.463609 -0.310945 1.061600
1751061864.729171 0.360174 -0.046668 1.275000 0.492357 -0.216818 1.130270 0.515258 -0.289061 1.075810
1751061864.838522 0.372362 -0.042008 1.284920 0.528250 -0.190718 1.139370 0.561338 -0.258798 1.084780
1751061864.940595 0.382155 -0.036435 1.292820 0.560749 -0.160211 1.150050 0.604342 -0.221572 1.094880
1751061865.049172 0.386460 -0.032116 1.296290 0.576399 -0.141359 1.156330 0.624690 -0.198725 1.100770
1751061865.154392 0.390140 -0.028351 1.299440 0.585548 -0.121736 1.155500 0.636845 -0.173688 1.097450
1751061865.267003 0.389406 -0.027465 1.298560 0.583459 -0.112413 1.147800 0.634913 -0.160930 1.086910
1751061865.381646 0.385895 -0.025801 1.294800 0.577490 -0.106220 1.138520 0.629148 -0.153427 1.076770
1751061865.484394 0.384694 -0.024370 1.293400 0.576064 -0.101467 1.135220 0.627455 -0.147463 1.072350
1751061865.603607 0.383959 -0.024333 1.292730 0.575783 -0.104461 1.136580 0.626179 -0.150911 1.073230
1751061865.717157 0.382146 -0.024959 1.291060 0.572499 -0.109375 1.135370 0.622063 -0.157299 1.072470
1751061865.831567 0.381583 -0.025532 1.290600 0.571134 -0.112272 1.135210 0.620519 -0.161051 1.072830
1751061865.932038 0.382416 -0.025118 1.291340 0.573416 -0.116409 1.140000 0.623085 -0.166594 1.079370
1751061866.044102 0.385203 -0.025351 1.294060 0.578344 -0.131991 1.156500 0.627619 -0.186591 1.099050
1751061866.144648 0.387368 -0.027115 1.296400 0.578720 -0.150269 1.170680 0.626328 -0.209981 1.117030
1751061866.253848 0.388790 -0.031495 1.298540 0.571211 -0.180631 1.188630 0.613907 -0.247755 1.139830
1751061866.354922 0.388763 -0.037503 1.299580 0.554519 -0.212003 1.201220 0.590007 -0.285396 1.155790
1751061866.474397 0.386874 -0.047606 1.299870 0.527377 -0.247993 1.212100 0.553045 -0.327111 1.169780
1751061866.574212 0.378689 -0.062420 1.295960 0.485076 -0.286746 1.218770 0.497611 -0.370303 1.179130
1751061866.676959 0.364923 -0.076384 1.288300 0.432141 -0.315819 1.212490 0.430375 -0.400537 1.173380
1751061866.790300 0.343607 -0.092732 1.278240 0.354753 -0.340208 1.199300 0.335192 -0.422050 1.158940
1751061866.905797 0.318759 -0.105686 1.268140 0.286288 -0.349925 1.185110 0.252364 -0.425787 1.142640
1751061867.004984 0.293999 -0.113463 1.259290 0.223058 -0.348161 1.172780 0.177639 -0.416128 1.127700
1751061867.115581 0.275957 -0.117128 1.253840 0.177550 -0.338812 1.160170 0.124737 -0.399021 1.112200
1751061867.222407 0.259934 -0.118136 1.249160 0.145444 -0.327497 1.145910 0.088880 -0.381308 1.094780
1751061867.338757 0.248677 -0.118209 1.246250 0.130060 -0.318399 1.130200 0.073734 -0.368226 1.074990
1751061867.443255 0.238942 -0.119545 1.244770 0.122517 -0.312032 1.114410 0.068238 -0.359720 1.055340
1751061867.543396 0.232320 -0.123431 1.245460 0.117004 -0.308748 1.104180 0.064971 -0.354403 1.041500
1751061867.658004 0.228788 -0.123201 1.244770 0.114857 -0.306335 1.099570 0.064333 -0.351196 1.035190
1751061867.772837 0.228033 -0.125895 1.246000 0.115795 -0.310342 1.101150 0.065518 -0.355660 1.036900
1751061867.871416 0.230029 -0.127531 1.247160 0.117677 -0.313059 1.103780 0.067449 -0.358632 1.039600
1751061867.977447 0.233460 -0.127703 1.247830 0.118850 -0.315414 1.109160 0.067730 -0.361641 1.046240
1751061868.089257 0.239358 -0.125928 1.248030 0.126833 -0.316182 1.111130 0.075633 -0.363341 1.048900
1751061868.189663 0.248049 -0.122386 1.248140 0.142264 -0.320405 1.117000 0.091291 -0.370562 1.057000
1751061868.295731 0.258256 -0.121412 1.250000 0.168136 -0.332003 1.127290 0.120241 -0.388110 1.070130
1751061868.405631 0.269475 -0.120668 1.253360 0.194692 -0.339008 1.133630 0.150924 -0.399544 1.077600
1751061868.521072 0.278113 -0.120759 1.256440 0.217486 -0.344478 1.138650 0.177750 -0.408509 1.083600
1751061868.621766 0.281403 -0.120697 1.257660 0.224186 -0.345243 1.139740 0.185615 -0.410175 1.084910
1751061868.723456 0.281287 -0.121117 1.257830 0.222084 -0.344410 1.138520 0.183119 -0.409102 1.083690
1751061868.825966 0.277727 -0.122331 1.257100 0.211064 -0.343579 1.137920 0.169978 -0.407014 1.083170
1751061868.938551 0.269204 -0.125877 1.255960 0.186482 -0.342043 1.137510 0.140920 -0.402196 1.082600
1751061869.038128 0.261116 -0.129342 1.255260 0.163880 -0.337589 1.133690 0.114361 -0.393469 1.077700
1751061869.155740 0.248512 -0.132856 1.253770 0.132099 -0.326917 1.125750 0.078135 -0.373833 1.065780
1751061869.255908 0.238829 -0.133088 1.251730 0.115626 -0.317442 1.115960 0.061737 -0.359990 1.052750
1751061869.372318 0.228263 -0.128167 1.247210 0.102951 -0.307955 1.107300 0.049900 -0.348009 1.041800
1751061869.475042 0.226026 -0.124656 1.245080 0.099115 -0.301046 1.102320 0.046264 -0.338969 1.035400
1751061869.575842 0.223579 -0.123164 1.243990 0.097222 -0.297917 1.098750 0.044623 -0.334840 1.031070
1751061869.681861 0.223108 -0.125798 1.245250 0.097062 -0.301672 1.101090 0.043778 -0.338838 1.034090
1751061869.784832 0.227860 -0.127884 1.247000 0.101602 -0.313346 1.115610 0.046570 -0.352812 1.051400
1751061869.889541 0.241846 -0.128640 1.249960 0.118014 -0.331970 1.145450 0.060360 -0.376929 1.087400
1751061870.004783 0.262502 -0.132472 1.257410 0.149009 -0.354151 1.182700 0.090831 -0.406805 1.132200
1751061870.108995 0.282035 -0.136987 1.267000 0.183956 -0.368961 1.202400 0.129098 -0.428269 1.155710
1751061870.221762 0.307341 -0.139226 1.280480 0.237211 -0.380830 1.214840 0.190226 -0.447672 1.169700
1751061870.327429 0.325221 -0.136390 1.289450 0.284724 -0.385435 1.226700 0.246340 -0.458365 1.182900
1751061870.428983 0.345455 -0.127212 1.298130 0.342735 -0.380092 1.237760 0.315502 -0.458664 1.195400
1751061870.539054 0.360340 -0.114368 1.302660 0.391813 -0.365612 1.243620 0.375175 -0.447521 1.202100
1751061870.641194 0.375266 -0.093540 1.305240 0.444797 -0.335970 1.242050 0.440687 -0.419113 1.199860
1751061870.757322 0.386580 -0.074175 1.308120 0.496343 -0.297591 1.233030 0.505965 -0.378835 1.188130
1751061870.872189 0.396619 -0.053976 1.312100 0.549616 -0.243779 1.221730 0.576095 -0.318708 1.172800
1751061870.971659 0.401042 -0.038161 1.313180 0.577962 -0.198560 1.210360 0.614942 -0.266799 1.158540
1751061871.089333 0.402868 -0.020713 1.312480 0.596967 -0.148992 1.196420 0.643195 -0.208799 1.141690
1751061871.189490 0.402302 -0.013046 1.311100 0.602070 -0.124081 1.187150 0.651899 -0.179189 1.130670
1751061871.290882 0.400295 -0.009053 1.308550 0.602547 -0.107284 1.177990 0.653936 -0.158856 1.119610
1751061871.405329 0.396976 -0.007521 1.304770 0.599127 -0.102044 1.171350 0.649880 -0.152497 1.111450
1751061871.504691 0.393569 -0.006804 1.301070 0.592890 -0.102081 1.163980 0.642389 -0.152204 1.102760
1751061871.604806 0.390710 -0.006974 1.298090 0.588000 -0.103365 1.158860 0.636845 -0.153545 1.097160
1751061871.722520 0.390396 -0.007394 1.297780 0.587478 -0.104267 1.158590 0.636098 -0.154336 1.096630
1751061871.822863 0.390818 -0.009161 1.298290 0.588259 -0.109555 1.162100 0.636309 -0.160285 1.100270
1751061871.939347 0.390293 -0.011358 1.297800 0.585733 -0.121890 1.166770 0.632986 -0.175704 1.106930
1751061872.038675 0.389964 -0.017999 1.298030 0.577613 -0.146235 1.171760 0.621474 -0.205381 1.114420
1751061872.140707 0.384063 -0.029570 1.293530 0.551122 -0.181356 1.164490 0.585792 -0.246494 1.107350
1751061872.243155 0.372962 -0.042309 1.285510 0.517921 -0.212533 1.152800 0.542963 -0.280715 1.094200
1751061872.356025 0.357552 -0.056204 1.276010 0.476035 -0.241890 1.137800 0.490840 -0.311110 1.077000
1751061872.454819 0.339006 -0.068841 1.266350 0.424542 -0.268832 1.123920 0.427494 -0.338765 1.062190
1751061872.572172 0.325467 -0.076584 1.260420 0.380266 -0.285876 1.116220 0.372476 -0.356306 1.055490
1751061872.672268 0.309659 -0.084330 1.254510 0.333270 -0.301774 1.113940 0.314534 -0.371633 1.054960
1751061872.771501 0.294459 -0.088778 1.249050 0.295408 -0.310584 1.113400 0.268919 -0.378695 1.055360
1751061872.888193 0.274891 -0.092273 1.242840 0.250978 -0.314826 1.110500 0.216457 -0.379543 1.052850
1751061872.988069 0.264385 -0.092562 1.239620 0.224678 -0.310413 1.103370 0.185674 -0.371543 1.044620
1751061873.090298 0.255290 -0.092757 1.237200 0.201999 -0.300679 1.090470 0.159902 -0.356773 1.028900
1751061873.205362 0.244877 -0.092137 1.234550 0.184946 -0.290404 1.077390 0.142088 -0.342219 1.012670
1751061873.305271 0.238794 -0.089969 1.232570 0.177267 -0.280470 1.066670 0.134893 -0.329578 0.999572
1751061873.423809 0.235903 -0.090043 1.232070 0.172674 -0.271897 1.057340 0.130537 -0.318910 0.988614
1751061873.540123 0.233794 -0.092636 1.232620 0.169428 -0.268835 1.052590 0.125631 -0.315073 0.984375
1751061873.647069 0.234755 -0.089897 1.231820 0.168577 -0.262869 1.049340 0.122303 -0.309318 0.982920
1751061873.757734 0.236589 -0.081706 1.229400 0.169758 -0.260169 1.052590 0.121446 -0.308822 0.989280
1751061873.859975 0.236857 -0.073201 1.227030 0.169728 -0.263788 1.063410 0.120483 -0.316145 1.003880
1751061873.973086 0.235565 -0.068658 1.225000 0.166336 -0.266831 1.072180 0.115362 -0.321258 1.016070
1751061874.088903 0.233643 -0.066909 1.224830 0.163271 -0.271937 1.081270 0.110723 -0.327991 1.028290
1751061874.191973 0.233268 -0.067447 1.224910 0.161456 -0.274430 1.084900 0.107878 -0.330777 1.033290
1751061874.307543 0.232605 -0.068605 1.225090 0.159284 -0.275868 1.086290 0.105652 -0.332143 1.034650
1751061874.420677 0.231850 -0.068549 1.224960 0.158209 -0.276504 1.087370 0.104708 -0.332892 1.035720
1751061874.524756 0.230154 -0.068034 1.224570 0.156798 -0.276938 1.088270 0.103454 -0.333469 1.036610
1751061874.640282 0.229262 -0.067271 1.224250 0.156236 -0.276751 1.088650 0.103087 -0.333515 1.037050
1751061874.747664 0.228650 -0.066041 1.223850 0.156222 -0.275869 1.088480 0.103080 -0.332946 1.037220
1751061874.864148 0.228147 -0.066610 1.223920 0.155997 -0.276370 1.088000 0.102797 -0.333354 1.036990
1751061874.968029 0.227601 -0.066598 1.223840 0.156228 -0.276797 1.088480 0.102910 -0.334140 1.037700
1751061875.072512 0.227100 -0.066365 1.223700 0.156604 -0.277003 1.088580 0.103320 -0.334992 1.038500
1751061875.189312 0.227062 -0.066542 1.223750 0.156727 -0.277193 1.088550 0.103472 -0.335264 1.038540
