1751061922.737735 0.223013 -0.082167 1.227570 0.151331 -0.278548 1.072980 0.099612 -0.331551 1.016190
1751061922.841594 0.229119 -0.083347 1.228700 0.165480 -0.280566 1.071750 0.116076 -0.335006 1.014260
1751061922.944148 0.240344 -0.082955 1.230550 0.189118 -0.280819 1.069840 0.143636 -0.337456 1.011250
1751061923.045836 0.255654 -0.082546 1.233820 0.227066 -0.284236 1.072250 0.188727 -0.345052 1.012740
1751061923.146597 0.272471 -0.081627 1.238370 0.270941 -0.286388 1.078150 0.241309 -0.351765 1.018510
1751061923.248276 0.293073 -0.079272 1.245220 0.327552 -0.284098 1.088830 0.309613 -0.354189 1.029880
1751061923.348659 0.317164 -0.073224 1.254730 0.386979 -0.272610 1.103160 0.382003 -0.346047 1.045790
1751061923.458813 0.341126 -0.063183 1.266110 0.448368 -0.250832 1.121580 0.457288 -0.325893 1.066850
1751061923.560321 0.362544 -0.049655 1.278340 0.504112 -0.221936 1.144630 0.526308 -0.296072 1.092470
1751061923.663669 0.381811 -0.029929 1.291420 0.549450 -0.184867 1.166900 0.582736 -0.255796 1.116250
1751061923.771119 0.393661 -0.014175 1.301570 0.586007 -0.137035 1.177030 0.631220 -0.200352 1.125490
1751061923.875509 0.398465 -0.011112 1.306600 0.603900 -0.099553 1.174030 0.659068 -0.150049 1.118200
1751061923.988563 0.396777 -0.005642 1.304400 0.601569 -0.075422 1.160000 0.655861 -0.118584 1.097850
1751061924.088507 0.392390 -0.006939 1.299830 0.593020 -0.073017 1.148230 0.646620 -0.114399 1.084010
1751061924.189287 0.389751 -0.011937 1.297300 0.588008 -0.077863 1.142590 0.640774 -0.119284 1.077710
1751061924.294703 0.388631 -0.014336 1.296370 0.585237 -0.084157 1.141220 0.637790 -0.127655 1.077540
1751061924.399049 0.389335 -0.015343 1.297160 0.588457 -0.096167 1.150810 0.640281 -0.143299 1.089100
1751061924.506297 0.389675 -0.012266 1.297290 0.589580 -0.121685 1.172100 0.639234 -0.177073 1.115770
1751061924.607809 0.392050 -0.005421 1.299430 0.581455 -0.147638 1.192190 0.625931 -0.212488 1.141930
1751061924.708088 0.395465 -0.006675 1.303090 0.564866 -0.186120 1.221220 0.599841 -0.260993 1.177800
1751061924.823248 0.395668 -0.018294 1.304080 0.526485 -0.236847 1.251910 0.546460 -0.320526 1.215730
1751061924.927938 0.390925 -0.037220 1.301770 0.477363 -0.279456 1.263690 0.480426 -0.367096 1.231700
1751061925.028579 0.371647 -0.070680 1.292180 0.411098 -0.325478 1.258680 0.398434 -0.412593 1.227000
1751061925.129819 0.343507 -0.099656 1.281290 0.341082 -0.357273 1.246260 0.314155 -0.440764 1.214420
1751061925.229628 0.314730 -0.115179 1.270540 0.273200 -0.368755 1.230860 0.234470 -0.446574 1.196890
1751061925.331741 0.288080 -0.123395 1.261780 0.210398 -0.366913 1.214190 0.160364 -0.435948 1.176240
1751061925.434436 0.266667 -0.124141 1.254200 0.157743 -0.353009 1.196290 0.100049 -0.413222 1.154400
1751061925.538803 0.252809 -0.121674 1.248960 0.125546 -0.336046 1.175140 0.064162 -0.388252 1.128070
1751061925.639952 0.241101 -0.120292 1.245570 0.106720 -0.321058 1.149470 0.045524 -0.367446 1.096400
1751061925.741296 0.231531 -0.119754 1.243530 0.098070 -0.311474 1.129370 0.038917 -0.354620 1.071500
1751061925.844676 0.227123 -0.118618 1.242290 0.094403 -0.306477 1.121070 0.035924 -0.348762 1.061900
1751061925.955955 0.228476 -0.120274 1.243290 0.098968 -0.308596 1.119340 0.041538 -0.351120 1.059310
1751061926.060130 0.229590 -0.119885 1.243200 0.102807 -0.309323 1.118220 0.046179 -0.352109 1.057620
1751061926.172057 0.229644 -0.119358 1.243030 0.105570 -0.310006 1.117100 0.049608 -0.353276 1.056230
1751061926.276119 0.229736 -0.118838 1.242800 0.106639 -0.311840 1.119520 0.051362 -0.355480 1.058290
1751061926.378923 0.237959 -0.120981 1.245280 0.114571 -0.321697 1.135330 0.058133 -0.367239 1.076590
1751061926.480154 0.250290 -0.123394 1.249190 0.134526 -0.334067 1.150120 0.078162 -0.384347 1.095300
1751061926.581876 0.266101 -0.124387 1.254160 0.171694 -0.347306 1.159320 0.119419 -0.404220 1.107000
1751061926.688611 0.283563 -0.123212 1.259820 0.217023 -0.353806 1.159800 0.173074 -0.416642 1.106630
1751061926.788555 0.299319 -0.117491 1.263750 0.261345 -0.350532 1.154890 0.225448 -0.416882 1.099950
1751061926.897973 0.309478 -0.109727 1.264970 0.295775 -0.339140 1.143390 0.268689 -0.406735 1.085020
1751061927.007191 0.314160 -0.103259 1.264400 0.319363 -0.326419 1.131140 0.299478 -0.393371 1.069240
1751061927.109770 0.314994 -0.102322 1.264490 0.325755 -0.322887 1.127250 0.308430 -0.389386 1.064100
1751061927.212035 0.313959 -0.104567 1.264940 0.318156 -0.327503 1.131220 0.298735 -0.394562 1.069200
1751061927.311450 0.310482 -0.109034 1.265170 0.300597 -0.335037 1.137010 0.276483 -0.402074 1.076720
1751061927.413028 0.303639 -0.116378 1.265290 0.269424 -0.343455 1.143360 0.237693 -0.408849 1.084830
1751061927.521255 0.290062 -0.126876 1.264500 0.230560 -0.351571 1.148030 0.190323 -0.413625 1.091110
1751061927.637851 0.270552 -0.139287 1.264040 0.182291 -0.355438 1.149640 0.134115 -0.411669 1.092830
1751061927.737536 0.253428 -0.147322 1.263690 0.148886 -0.352588 1.143120 0.097044 -0.402585 1.083770
1751061927.840594 0.236772 -0.150968 1.262000 0.116805 -0.339872 1.129690 0.064548 -0.381251 1.064370
1751061927.942546 0.226609 -0.146591 1.257460 0.101391 -0.324226 1.114750 0.051112 -0.362129 1.045870
1751061928.043991 0.219090 -0.141937 1.253600 0.092683 -0.312486 1.103480 0.042888 -0.347735 1.032860
1751061928.145993 0.217094 -0.142249 1.253550 0.086814 -0.312509 1.106450 0.035243 -0.347469 1.036960
1751061928.248734 0.224103 -0.142601 1.254650 0.094146 -0.319661 1.115510 0.041433 -0.356090 1.047660
1751061928.354525 0.237337 -0.143143 1.257250 0.113154 -0.334372 1.132310 0.059337 -0.374787 1.067660
1751061928.453997 0.250772 -0.143410 1.260510 0.136935 -0.348131 1.147680 0.083446 -0.393650 1.086230
1751061928.559168 0.268005 -0.143571 1.265810 0.174688 -0.365410 1.167430 0.124051 -0.418525 1.109770
1751061928.659064 0.292194 -0.142950 1.275200 0.236378 -0.382735 1.191610 0.193778 -0.446372 1.138270
1751061928.760584 0.312533 -0.137816 1.282500 0.292860 -0.386056 1.207730 0.259121 -0.457093 1.157480
1751061928.865087 0.345920 -0.120239 1.294120 0.376543 -0.367437 1.219580 0.358585 -0.445162 1.171150
1751061928.970839 0.367132 -0.098720 1.300120 0.445306 -0.333982 1.221760 0.443060 -0.413701 1.173200
1751061929.074783 0.380049 -0.074395 1.301500 0.494898 -0.292801 1.219000 0.505312 -0.371540 1.170590
1751061929.189793 0.391747 -0.046061 1.304580 0.540911 -0.238884 1.214190 0.564460 -0.313408 1.163190
1751061929.293149 0.394757 -0.029749 1.304540 0.564762 -0.198110 1.202000 0.596667 -0.267399 1.149030
1751061929.396148 0.394776 -0.020340 1.303320 0.575025 -0.168921 1.189150 0.612050 -0.233069 1.132370
1751061929.504344 0.392407 -0.014224 1.300250 0.577251 -0.143420 1.170860 0.617624 -0.201906 1.110370
1751061929.621853 0.387907 -0.012225 1.295500 0.573664 -0.128045 1.155200 0.614665 -0.182492 1.091460
1751061929.738229 0.384637 -0.013233 1.292340 0.570401 -0.128761 1.151830 0.611360 -0.182964 1.087840
1751061929.856531 0.386347 -0.018672 1.294450 0.574791 -0.135512 1.158670 0.616704 -0.189071 1.094760
1751061929.959133 0.387621 -0.022475 1.296100 0.576339 -0.149842 1.170560 0.618296 -0.207786 1.110630
1751061930.077229 0.386348 -0.033701 1.296440 0.558154 -0.200576 1.195270 0.592285 -0.270698 1.144010
1751061930.182259 0.380168 -0.048369 1.293450 0.516020 -0.252660 1.207300 0.535540 -0.331550 1.161500
1751061930.281008 0.369838 -0.062476 1.287880 0.471904 -0.285844 1.202500 0.479955 -0.367119 1.157340
1751061930.381933 0.352047 -0.081669 1.279960 0.408496 -0.317817 1.186960 0.401051 -0.398369 1.140430
1751061930.482079 0.335459 -0.095388 1.273780 0.356051 -0.333721 1.171930 0.337162 -0.410740 1.122730
1751061930.586459 0.315429 -0.104892 1.265000 0.295936 -0.339658 1.155870 0.264480 -0.411168 1.104820
1751061930.688657 0.297594 -0.107846 1.258260 0.244566 -0.334686 1.142800 0.202414 -0.399430 1.090400
1751061930.791438 0.275641 -0.107843 1.249400 0.191239 -0.318188 1.122000 0.140320 -0.373712 1.066920
1751061930.893754 0.250569 -0.103726 1.240270 0.148832 -0.293811 1.094950 0.094057 -0.340196 1.035300
1751061930.994976 0.236074 -0.095515 1.234050 0.129401 -0.273179 1.077030 0.073678 -0.314548 1.014630
1751061931.104393 0.227335 -0.083674 1.228610 0.125097 -0.257281 1.064270 0.070045 -0.298842 1.001410
1751061931.207066 0.225325 -0.068591 1.224030 0.128376 -0.253702 1.069330 0.073064 -0.299430 1.009670
1751061931.310655 0.224223 -0.064695 1.222930 0.131347 -0.257418 1.075170 0.076616 -0.306158 1.017390
1751061931.410203 0.225229 -0.064119 1.222920 0.133055 -0.256385 1.074130 0.078848 -0.305320 1.016000
1751061931.510616 0.225483 -0.065803 1.223360 0.134006 -0.255512 1.070900 0.080375 -0.303879 1.011800
1751061931.624493 0.222343 -0.064319 1.222610 0.133026 -0.253551 1.068290 0.079794 -0.302223 1.009070
1751061931.726851 0.219531 -0.063655 1.222130 0.132494 -0.254270 1.068210 0.079389 -0.304039 1.009000
1751061931.828247 0.217923 -0.063580 1.221940 0.131696 -0.254635 1.068100 0.078665 -0.304769 1.009940
