1751061971.715944 0.310032 -0.028446 1.241830 0.389360 -0.226332 1.093010 0.387222 -0.297780 1.033010
1751061971.817119 0.338130 -0.014120 1.256010 0.468871 -0.191832 1.118440 0.485428 -0.263721 1.061200
1751061971.920753 0.361679 -0.003694 1.272030 0.532845 -0.151171 1.143300 0.567412 -0.218634 1.088940
1751061972.024481 0.379018 -0.000758 1.286620 0.573498 -0.112873 1.155400 0.620025 -0.172356 1.100610
1751061972.134060 0.385785 0.000035 1.293020 0.585586 -0.088293 1.152040 0.636662 -0.140599 1.094030
1751061972.239372 0.386418 -0.003291 1.293670 0.583520 -0.082446 1.143720 0.631783 -0.129538 1.079200
1751061972.343721 0.379631 -0.005687 1.287260 0.570982 -0.087503 1.131410 0.616893 -0.133610 1.064500
1751061972.452476 0.372608 -0.008943 1.281120 0.558361 -0.096560 1.121690 0.603848 -0.144204 1.055580
1751061972.557348 0.368304 -0.011815 1.277630 0.554045 -0.109035 1.123850 0.598805 -0.159255 1.059100
1751061972.658036 0.366286 -0.017754 1.276380 0.551771 -0.117442 1.123880 0.595560 -0.167991 1.058780
1751061972.765809 0.368374 -0.020183 1.278310 0.555474 -0.126861 1.132660 0.598381 -0.180064 1.069120
1751061972.870176 0.369547 -0.016094 1.278940 0.558606 -0.140026 1.150500 0.600391 -0.198536 1.091000
1751061972.973091 0.370363 -0.010365 1.279200 0.556972 -0.158862 1.175710 0.595960 -0.224903 1.122530
1751061973.074276 0.370388 -0.007419 1.279170 0.542763 -0.187434 1.205100 0.576212 -0.261354 1.159020
1751061973.180146 0.367436 -0.001103 1.276600 0.511153 -0.211052 1.223000 0.535987 -0.292282 1.184390
1751061973.288442 0.361990 0.003662 1.272270 0.462781 -0.233762 1.239540 0.474830 -0.320518 1.207300
1751061973.407683 0.358272 -0.004434 1.269440 0.399640 -0.260344 1.249480 0.392459 -0.349147 1.221690
1751061973.522943 0.349718 -0.018283 1.263940 0.346515 -0.277468 1.243620 0.322709 -0.362830 1.214360
1751061973.627498 0.334570 -0.031541 1.255490 0.305470 -0.289009 1.233960 0.272072 -0.370090 1.202020
1751061973.732736 0.312010 -0.043920 1.245030 0.270133 -0.298795 1.215280 0.232062 -0.375820 1.178850
1751061973.832287 0.294569 -0.053452 1.239010 0.246242 -0.304083 1.189530 0.206514 -0.376838 1.146660
1751061973.933965 0.280226 -0.060900 1.235220 0.226589 -0.302877 1.156670 0.186822 -0.370454 1.106060
1751061974.041041 0.272681 -0.064525 1.233580 0.213466 -0.295922 1.130870 0.174222 -0.358741 1.074100
1751061974.147682 0.269644 -0.072434 1.234720 0.208155 -0.293671 1.112760 0.170251 -0.353332 1.051800
1751061974.254806 0.268963 -0.078511 1.236290 0.211259 -0.298453 1.110210 0.174847 -0.357956 1.048220
1751061974.356497 0.271026 -0.078548 1.236940 0.213455 -0.298192 1.110290 0.177173 -0.357415 1.047950
1751061974.466833 0.271371 -0.076575 1.236460 0.213006 -0.296444 1.110500 0.176394 -0.355454 1.048210
1751061974.571410 0.270542 -0.071099 1.234630 0.210763 -0.293945 1.114770 0.173973 -0.353869 1.053410
1751061974.675990 0.272635 -0.063370 1.233280 0.214980 -0.294766 1.129690 0.178530 -0.360304 1.074140
1751061974.777318 0.279045 -0.059563 1.234500 0.231530 -0.301720 1.152630 0.196095 -0.373246 1.104280
1751061974.878306 0.288511 -0.059703 1.237990 0.251708 -0.307770 1.169370 0.218398 -0.383086 1.125470
1751061974.984493 0.295298 -0.062034 1.241270 0.264958 -0.311796 1.175710 0.233738 -0.388424 1.132550
1751061975.091694 0.297803 -0.063965 1.242820 0.267499 -0.314266 1.179330 0.236185 -0.391205 1.136790
1751061975.198411 0.295766 -0.067278 1.242820 0.260784 -0.317157 1.180080 0.227469 -0.393447 1.137890
1751061975.300697 0.291524 -0.069598 1.241700 0.246111 -0.316560 1.174200 0.208794 -0.390512 1.131270
1751061975.407814 0.284708 -0.070836 1.239400 0.225565 -0.312306 1.163280 0.183583 -0.380816 1.115800
1751061975.509919 0.277753 -0.070163 1.236730 0.208018 -0.304704 1.148820 0.163583 -0.367246 1.095680
1751061975.613193 0.270674 -0.070294 1.234450 0.195887 -0.297124 1.131710 0.151515 -0.354287 1.072770
1751061975.712696 0.264654 -0.071469 1.232970 0.192274 -0.288901 1.110150 0.151358 -0.343449 1.046430
1751061975.818219 0.261869 -0.073586 1.232770 0.189418 -0.285783 1.101150 0.149452 -0.339696 1.036300
1751061975.919511 0.260416 -0.072645 1.232110 0.188568 -0.283618 1.098220 0.149929 -0.338052 1.033000
1751061976.022088 0.258505 -0.071455 1.231280 0.187289 -0.284518 1.100380 0.151033 -0.340373 1.035000
1751061976.124438 0.260324 -0.071260 1.231710 0.185456 -0.289795 1.112390 0.147034 -0.345563 1.048170
1751061976.239684 0.268466 -0.064557 1.232280 0.194402 -0.294042 1.135070 0.152111 -0.352300 1.075600
1751061976.343859 0.277986 -0.059038 1.234020 0.213469 -0.300890 1.163000 0.169634 -0.363527 1.110170
1751061976.447903 0.293926 -0.054486 1.238970 0.242885 -0.304203 1.187600 0.200557 -0.372185 1.139700
1751061976.549049 0.319162 -0.053474 1.250590 0.288102 -0.309266 1.215860 0.250390 -0.383565 1.173800
1751061976.650800 0.347062 -0.058794 1.268970 0.334923 -0.316756 1.238840 0.303815 -0.396084 1.200770
1751061976.755075 0.368362 -0.064480 1.287210 0.371628 -0.321520 1.248200 0.347044 -0.403228 1.210420
1751061976.858738 0.384764 -0.066858 1.303470 0.410426 -0.319221 1.246420 0.394084 -0.401827 1.206100
1751061976.972999 0.391010 -0.071118 1.311710 0.439662 -0.315852 1.238640 0.430606 -0.397804 1.194920
1751061977.076578 0.389967 -0.079027 1.313840 0.458940 -0.312203 1.221800 0.456872 -0.392052 1.173530
1751061977.183914 0.385087 -0.087564 1.312440 0.465285 -0.307461 1.199240 0.467015 -0.383712 1.145460
1751061977.290224 0.374841 -0.097746 1.306970 0.466332 -0.304448 1.178500 0.471265 -0.377191 1.120250
1751061977.393620 0.363763 -0.108122 1.302100 0.468636 -0.298862 1.159910 0.478466 -0.367696 1.097660
1751061977.505227 0.351141 -0.116187 1.295880 0.464509 -0.290140 1.139390 0.480056 -0.352805 1.072000
1751061977.611490 0.349026 -0.114660 1.293200 0.461584 -0.292134 1.140200 0.475858 -0.356150 1.073810
1751061977.714291 0.351058 -0.114788 1.294990 0.463661 -0.294234 1.144260 0.477809 -0.358973 1.078550
1751061977.822007 0.355459 -0.113227 1.297740 0.469029 -0.295523 1.151210 0.483487 -0.361540 1.086850
1751061977.924104 0.359375 -0.106641 1.297390 0.465466 -0.301467 1.161790 0.477383 -0.371371 1.101120
1751061978.028752 0.362949 -0.099119 1.296560 0.451060 -0.316170 1.183760 0.456143 -0.391624 1.129070
1751061978.150542 0.362199 -0.089485 1.291350 0.411374 -0.330614 1.207460 0.402156 -0.411050 1.161040
1751061978.256299 0.355356 -0.082943 1.283010 0.368647 -0.332181 1.210180 0.347190 -0.412000 1.166840
1751061978.358855 0.343011 -0.077364 1.271830 0.315218 -0.324954 1.197490 0.280458 -0.399557 1.153490
1751061978.464744 0.325042 -0.072253 1.258800 0.268018 -0.311640 1.174880 0.225677 -0.380688 1.128520
1751061978.567328 0.300960 -0.073756 1.246930 0.227290 -0.304928 1.153480 0.180103 -0.368807 1.104470
1751061978.673177 0.269133 -0.083861 1.238040 0.183281 -0.300117 1.122010 0.133643 -0.356152 1.066280
1751061978.787292 0.242960 -0.096247 1.235600 0.152305 -0.290607 1.088660 0.105162 -0.337280 1.023000
1751061978.888544 0.219523 -0.105235 1.235410 0.133608 -0.283646 1.066920 0.091176 -0.323878 0.994189
1751061978.990151 0.207354 -0.107449 1.235200 0.126354 -0.278101 1.056560 0.087183 -0.316029 0.980826
1751061979.092978 0.205386 -0.105947 1.234470 0.128430 -0.272293 1.050060 0.091048 -0.309448 0.973047
1751061979.205503 0.205663 -0.103966 1.233680 0.134264 -0.266474 1.043700 0.098485 -0.303699 0.965965
1751061979.307759 0.206571 -0.103492 1.233550 0.136893 -0.265690 1.042670 0.101588 -0.302936 0.964720
1751061979.412525 0.205956 -0.104726 1.234010 0.138336 -0.265748 1.041400 0.105400 -0.301032 0.961525
1751061979.522383 0.206638 -0.103393 1.233520 0.140040 -0.264675 1.040700 0.106343 -0.300805 0.961594
1751061979.626835 0.207521 -0.103227 1.233510 0.141046 -0.264782 1.040940 0.107440 -0.300877 0.961718
1751061979.726864 0.208103 -0.103034 1.233470 0.141731 -0.265195 1.041380 0.107936 -0.301553 0.962356
