1751062036.133294 0.308563 -0.085540 1.254390 0.341875 -0.306994 1.122300 0.327156 -0.378208 1.063810
1751062036.239967 0.329895 -0.085114 1.266070 0.408614 -0.299041 1.141020 0.408525 -0.374096 1.085550
1751062036.341569 0.340891 -0.089088 1.274800 0.448363 -0.285902 1.143220 0.460646 -0.359563 1.087250
1751062036.443075 0.344030 -0.092938 1.278630 0.456225 -0.280146 1.137330 0.471384 -0.348879 1.076050
1751062036.549492 0.337810 -0.095112 1.275240 0.443199 -0.285278 1.132650 0.455087 -0.353483 1.070070
1751062036.650882 0.327647 -0.100684 1.271120 0.426379 -0.291033 1.124090 0.436564 -0.359406 1.061390
1751062036.757333 0.319736 -0.106959 1.269300 0.418190 -0.298489 1.123620 0.428890 -0.366897 1.061050
1751062036.865917 0.322381 -0.101471 1.268300 0.416433 -0.305084 1.136700 0.422504 -0.376215 1.076670
1751062036.970510 0.334138 -0.082631 1.267800 0.426382 -0.304427 1.168330 0.428681 -0.381918 1.116370
1751062037.072917 0.352125 -0.056788 1.272080 0.444572 -0.291954 1.210840 0.445916 -0.375097 1.168470
1751062037.174119 0.368326 -0.031348 1.279610 0.475661 -0.265383 1.243460 0.482153 -0.351554 1.208220
1751062037.275007 0.380352 -0.000516 1.287850 0.515494 -0.220752 1.258990 0.533830 -0.306405 1.226790
1751062037.374584 0.383703 0.030556 1.293330 0.550767 -0.166449 1.263000 0.582814 -0.248278 1.232280
1751062037.483677 0.379492 0.068277 1.298690 0.586093 -0.086562 1.268020 0.635237 -0.159628 1.237100
1751062037.589750 0.371048 0.097149 1.302970 0.602947 -0.014234 1.265340 0.665532 -0.075414 1.232940
1751062037.691005 0.365320 0.112508 1.306100 0.609976 0.042879 1.252290 0.680384 -0.006204 1.215640
1751062037.790894 0.363387 0.117492 1.307370 0.609063 0.092459 1.226020 0.683351 0.056840 1.182180
1751062037.891949 0.363708 0.112175 1.304400 0.600816 0.120951 1.198090 0.675420 0.096179 1.147790
1751062037.992121 0.365779 0.103021 1.301130 0.590394 0.132479 1.173540 0.662972 0.115169 1.117480
1751062038.093257 0.365713 0.092925 1.295990 0.580440 0.133921 1.155240 0.648629 0.121177 1.092810
1751062038.193066 0.361833 0.093090 1.292680 0.577058 0.132666 1.152280 0.645548 0.119299 1.090310
1751062038.294062 0.360151 0.096008 1.292620 0.576356 0.133690 1.153210 0.647660 0.122413 1.094060
1751062038.402561 0.356567 0.101729 1.292430 0.587278 0.131486 1.176300 0.663722 0.118946 1.124250
1751062038.507833 0.355551 0.108012 1.294890 0.602964 0.119254 1.215760 0.683838 0.098923 1.173860
1751062038.609462 0.357907 0.113495 1.000000 0.612637 0.106913 1.248330 0.695753 0.079920 1.215580
1751062038.719878 0.363249 0.115522 1.306010 0.620280 0.100899 1.269660 0.704349 0.071081 1.242220
1751062038.823963 0.367763 0.116691 1.311030 0.624728 0.105390 1.273070 0.708885 0.076417 1.245000
1751062038.928890 0.369079 0.119000 1.313800 0.625742 0.113497 1.272680 0.710027 0.086419 1.243140
1751062039.029825 0.369196 0.120892 1.315220 0.624219 0.122527 1.264620 0.708420 0.098006 1.232710
1751062039.133833 0.370125 0.119734 1.315380 0.621246 0.131916 1.249120 0.705013 0.111627 1.213330
1751062039.239526 0.369816 0.117083 1.313310 0.615981 0.137571 1.232180 0.698216 0.120521 1.191480
1751062039.340433 0.370848 0.111399 1.310700 0.609854 0.140638 1.212670 0.689436 0.126850 1.165910
1751062039.441690 0.368059 0.107604 1.305800 0.599087 0.142445 1.191730 0.675719 0.131377 1.139630
1751062039.541505 0.365135 0.105830 1.302070 0.589842 0.144314 1.177070 0.664222 0.134926 1.121490
1751062039.645624 0.363044 0.104250 1.299320 0.581334 0.147872 1.164980 0.653076 0.140216 1.105790
1751062039.752591 0.359599 0.104468 1.296410 0.571431 0.153100 1.153720 0.641045 0.146389 1.091900
1751062039.857172 0.356112 0.105671 1.294100 0.568180 0.152472 1.151140 0.638384 0.143895 1.090250
1751062039.958333 0.349776 0.111028 1.291840 0.577226 0.138514 1.168910 0.649800 0.122779 1.112390
1751062040.059202 0.343376 0.120304 1.292190 0.584267 0.105712 1.195450 0.657796 0.076879 1.145730
1751062040.160949 0.347540 0.119477 1.294940 0.588756 0.053574 1.223720 0.659053 0.008694 1.181840
1751062040.269663 0.360646 0.104799 1.297500 0.583510 -0.020356 1.249880 0.644508 -0.081844 1.215120
1751062040.373751 0.373210 0.080553 1.297300 0.562786 -0.094111 1.263410 0.609027 -0.169572 1.233800
1751062040.477191 0.382967 0.047207 1.295800 0.531122 -0.164875 1.269970 0.560977 -0.249018 1.242790
1751062040.587724 0.386282 0.012509 1.293900 0.497142 -0.220681 1.263370 0.511730 -0.308089 1.234100
1751062040.691236 0.380334 -0.010913 1.288120 0.467228 -0.252616 1.247760 0.472118 -0.339807 1.214850
1751062040.792628 0.373138 -0.026556 1.283060 0.447296 -0.269507 1.227610 0.446933 -0.354767 1.189600
1751062040.904121 0.363214 -0.041817 1.277210 0.433822 -0.278034 1.194650 0.432208 -0.359443 1.149050
1751062041.018932 0.353812 -0.056138 1.273160 0.431615 -0.276890 1.159960 0.433438 -0.353115 1.106140
1751062041.121107 0.346700 -0.068673 1.271540 0.436240 -0.272937 1.137910 0.442820 -0.344737 1.078650
1751062041.221036 0.344675 -0.075743 1.272430 0.441792 -0.272611 1.133100 0.451596 -0.342894 1.072490
1751062041.324785 0.347474 -0.080452 1.276100 0.446234 -0.275217 1.134990 0.457573 -0.344155 1.073110
1751062041.426639 0.350767 -0.079441 1.278150 0.450748 -0.276880 1.141690 0.464354 -0.346186 1.080690
1751062041.530643 0.352450 -0.067132 1.275240 0.442759 -0.281312 1.158750 0.455330 -0.357308 1.106060
1751062041.636382 0.351474 -0.059898 1.272430 0.397211 -0.299848 1.183300 0.392351 -0.382371 1.140050
1751062041.738476 0.339994 -0.065005 1.265870 0.338736 -0.312998 1.187780 0.313870 -0.392927 1.146520
1751062041.837667 0.316819 -0.073622 1.254600 0.286459 -0.321396 1.181960 0.249175 -0.396232 1.140500
1751062041.942506 0.285975 -0.081937 1.243200 0.233292 -0.321581 1.157250 0.188861 -0.388748 1.110090
1751062042.044019 0.265170 -0.088370 1.238360 0.196560 -0.312969 1.126790 0.149742 -0.371958 1.071670
1751062042.152666 0.245917 -0.093295 1.235100 0.167939 -0.298334 1.095620 0.121545 -0.348205 1.031820
1751062042.253702 0.232080 -0.093078 1.232490 0.151983 -0.279795 1.070200 0.108421 -0.323319 1.000130
1751062042.369092 0.220963 -0.090757 1.230130 0.142448 -0.261041 1.050020 0.101275 -0.301822 0.976871
1751062042.473742 0.217478 -0.087695 1.228710 0.139346 -0.249293 1.040610 0.099085 -0.289014 0.966375
1751062042.574229 0.215766 -0.085905 1.227950 0.136742 -0.245622 1.038620 0.096304 -0.284854 0.964223
1751062042.676403 0.214801 -0.086669 1.228100 0.135483 -0.244448 1.037280 0.095744 -0.282709 0.962006
1751062042.784286 0.213030 -0.087824 1.228320 0.135603 -0.245595 1.036720 0.096897 -0.283416 0.960688
1751062042.889359 0.212599 -0.088662 1.228570 0.135438 -0.248730 1.038770 0.095913 -0.287360 0.963569
1751062042.992024 0.214906 -0.088262 1.228640 0.134508 -0.253030 1.044280 0.092974 -0.292995 0.970888
1751062043.093918 0.216133 -0.089338 1.229120 0.133352 -0.257315 1.048760 0.090662 -0.298002 0.976429
