1751062099.141351 0.254774 -0.090340 1.236210 0.196208 -0.291552 1.082310 0.155976 -0.345260 1.017450
1751062099.242381 0.270801 -0.090741 1.240930 0.238010 -0.301528 1.092290 0.204057 -0.362230 1.030000
1751062099.345524 0.289439 -0.087434 1.246480 0.290362 -0.306720 1.106000 0.265380 -0.374594 1.047810
1751062099.448187 0.313710 -0.076909 1.254070 0.352162 -0.299249 1.124890 0.338922 -0.373141 1.069450
1751062099.552128 0.337909 -0.057477 1.262500 0.422116 -0.269803 1.138300 0.424364 -0.346045 1.084520
1751062099.661656 0.357973 -0.031601 1.271400 0.488237 -0.219859 1.148170 0.507484 -0.294199 1.095130
1751062099.756284 0.370505 0.003134 1.279170 0.539270 -0.154591 1.159830 0.575058 -0.223470 1.108020
1751062099.856665 0.376986 0.035788 1.287880 0.574338 -0.085602 1.169910 0.623744 -0.146094 1.118800
1751062099.956978 0.377184 0.067522 1.296210 0.597389 -0.008840 1.180980 0.658931 -0.057828 1.130750
1751062100.059078 0.372004 0.087728 1.299340 0.601799 0.053139 1.182700 0.670309 0.015830 1.131510
1751062100.158154 0.371533 0.097312 1.303520 0.599072 0.094297 1.177760 0.670436 0.067468 1.123930
1751062100.259992 0.370521 0.103520 1.305860 0.592845 0.123440 1.172530 0.665014 0.105107 1.116270
1751062100.368543 0.372332 0.104011 1.307890 0.588246 0.139030 1.167340 0.659016 0.127107 1.107680
1751062100.468910 0.373091 0.101907 1.307470 0.582592 0.144153 1.159400 0.652352 0.135806 1.097970
1751062100.569468 0.370028 0.101819 1.304400 0.575286 0.145810 1.151050 0.643805 0.138188 1.088100
1751062100.670018 0.369133 0.104047 1.304820 0.575924 0.142278 1.151930 0.645380 0.131163 1.090590
1751062100.772322 0.368849 0.108791 1.307200 0.590637 0.124972 1.172530 0.661673 0.105940 1.115070
1751062100.873391 0.371901 0.111148 1.311650 0.605422 0.087327 1.199800 0.676192 0.054800 1.148430
1751062100.988976 0.379006 0.101528 1.313280 0.612512 0.027504 1.226130 0.679666 -0.020603 1.182700
1751062101.099360 0.385710 0.085554 1.312150 0.608348 -0.024170 1.234700 0.668255 -0.083492 1.194710
1751062101.197994 0.390041 0.062909 1.307650 0.596975 -0.074994 1.231750 0.648570 -0.141115 1.190820
1751062101.303279 0.389474 0.037800 1.300370 0.580406 -0.116125 1.214050 0.624330 -0.184991 1.168900
1751062101.403998 0.384002 0.017396 1.292050 0.561995 -0.141419 1.188630 0.600077 -0.209375 1.137230
1751062101.508121 0.375952 -0.000368 1.283860 0.545855 -0.153164 1.159820 0.580904 -0.217234 1.101710
1751062101.613060 0.364669 -0.013235 1.274760 0.533581 -0.158182 1.140370 0.566753 -0.219189 1.078020
1751062101.715836 0.360476 -0.024756 1.272460 0.528828 -0.165441 1.132940 0.561555 -0.224945 1.068920
1751062101.820254 0.358655 -0.028858 1.271560 0.525805 -0.162265 1.123700 0.558637 -0.219616 1.057800
1751062101.926237 0.360882 -0.028207 1.273190 0.528944 -0.158854 1.123900 0.562688 -0.215314 1.057690
1751062102.029796 0.364353 -0.024711 1.275500 0.534543 -0.160314 1.133210 0.569861 -0.218299 1.069180
1751062102.134784 0.367286 -0.020328 1.277400 0.539176 -0.170820 1.153300 0.574631 -0.234256 1.094750
1751062102.234843 0.373424 -0.019048 1.282500 0.546257 -0.185992 1.183210 0.581625 -0.255964 1.132500
1751062102.338444 0.380494 -0.016682 1.288660 0.549124 -0.198684 1.210950 0.583184 -0.274567 1.168630
1751062102.440507 0.385622 -0.016673 1.293560 0.552473 -0.205171 1.228530 0.585941 -0.283740 1.190890
1751062102.551730 0.389221 -0.017601 1.297230 0.557837 -0.205176 1.234110 0.592165 -0.283801 1.197380
1751062102.651538 0.389541 -0.017462 1.297550 0.561087 -0.200213 1.228450 0.596748 -0.277284 1.189750
1751062102.751925 0.387686 -0.015947 1.295540 0.562811 -0.191213 1.216720 0.600010 -0.265931 1.174970
1751062102.852410 0.385530 -0.015852 1.293400 0.564301 -0.179190 1.198740 0.603595 -0.249933 1.152250
1751062102.957399 0.381821 -0.023190 1.290500 0.563933 -0.167760 1.174210 0.606123 -0.231605 1.120790
1751062103.059567 0.376844 -0.032103 1.287140 0.558784 -0.157893 1.150400 0.600968 -0.213465 1.088500
1751062103.162253 0.368938 -0.034007 1.280530 0.549361 -0.154484 1.137240 0.590469 -0.207835 1.072640
1751062103.268374 0.364773 -0.035350 1.277310 0.544050 -0.159363 1.135610 0.584029 -0.214426 1.071740
1751062103.372248 0.365465 -0.036808 1.278120 0.543904 -0.158658 1.133510 0.582857 -0.214140 1.069370
1751062103.473579 0.367198 -0.032567 1.278860 0.547669 -0.161632 1.143310 0.586154 -0.220013 1.081500
1751062103.576267 0.368073 -0.020979 1.278140 0.544755 -0.174754 1.165280 0.581328 -0.240303 1.109820
1751062103.684253 0.371159 -0.010421 1.279950 0.527519 -0.203024 1.202130 0.557086 -0.279361 1.157320
1751062103.789027 0.376135 -0.006339 1.284120 0.497850 -0.230622 1.234290 0.515652 -0.315439 1.199670
1751062103.889585 0.381327 -0.011184 1.289000 0.463497 -0.256166 1.260220 0.467229 -0.345345 1.232970
1751062103.993218 0.383609 -0.030520 1.293230 0.417852 -0.287866 1.279070 0.405166 -0.377636 1.256930
1751062104.093828 0.377901 -0.060447 1.294600 0.374919 -0.320116 1.281820 0.348786 -0.407087 1.260310
1751062104.200608 0.360765 -0.090221 1.290400 0.319602 -0.346526 1.275860 0.280052 -0.427909 1.253010
1751062104.300960 0.334223 -0.111891 1.280870 0.249694 -0.357029 1.261840 0.196924 -0.429445 1.235750
1751062104.403033 0.314142 -0.119431 1.272460 0.203229 -0.353170 1.246680 0.142561 -0.417779 1.217450
1751062104.507004 0.292730 -0.119964 1.261990 0.151659 -0.334275 1.219920 0.083753 -0.387644 1.184560
1751062104.607524 0.281657 -0.113786 1.254340 0.122384 -0.308996 1.190110 0.051681 -0.352600 1.147500
1751062104.712411 0.271462 -0.108400 1.248220 0.104697 -0.290973 1.167870 0.033758 -0.328360 1.120120
1751062104.813478 0.255891 -0.104711 1.242010 0.088095 -0.276384 1.142150 0.019077 -0.309471 1.088750
1751062104.916428 0.245734 -0.104158 1.239300 0.079894 -0.267873 1.124030 0.013489 -0.298663 1.066140
1751062105.017505 0.236320 -0.102825 1.236910 0.074946 -0.267005 1.116070 0.009918 -0.298038 1.056750
1751062105.123440 0.232670 -0.102988 1.236340 0.073183 -0.271040 1.118350 0.008287 -0.302869 1.059300
1751062105.224183 0.233502 -0.104111 1.236940 0.072432 -0.270841 1.119220 0.007408 -0.302120 1.060030
1751062105.327852 0.239599 -0.097839 1.235580 0.072007 -0.265761 1.129200 0.005208 -0.298113 1.072630
1751062105.431683 0.249159 -0.089062 1.234410 0.087645 -0.273287 1.147380 0.017342 -0.313310 1.100850
1751062105.536130 0.251717 -0.087014 1.234310 0.113442 -0.292142 1.154300 0.044991 -0.337191 1.109630
1751062105.636839 0.248115 -0.098909 1.237700 0.138105 -0.302483 1.119220 0.076896 -0.347326 1.064800
1751062105.747173 0.234571 -0.114066 1.241400 0.136480 -0.296683 1.084460 0.084119 -0.335637 1.017750
1751062105.852131 0.219447 -0.122432 1.243110 0.128879 -0.281679 1.058610 0.082856 -0.315343 0.984739
1751062105.953605 0.209095 -0.122925 1.242350 0.124177 -0.268147 1.044110 0.081658 -0.299353 0.967117
1751062106.055815 0.204072 -0.118287 1.239800 0.119138 -0.258835 1.038220 0.077112 -0.288582 0.960390
1751062106.159244 0.201109 -0.113312 1.237390 0.118809 -0.248366 1.031020 0.078863 -0.276656 0.951568
1751062106.260253 0.199624 -0.111312 1.236450 0.116798 -0.246133 1.030140 0.074345 -0.274290 0.951953
1751062106.370905 0.201750 -0.109209 1.235640 0.116265 -0.245804 1.031590 0.072440 -0.274211 0.954255
1751062106.474932 0.202859 -0.108401 1.235350 0.116166 -0.245329 1.032040 0.071960 -0.273805 0.954944
