1751062144.018029 0.236974 -0.120639 1.244920 0.110891 -0.313664 1.124740 0.048620 -0.351744 1.066580
1751062144.117455 0.249423 -0.111176 1.243180 0.097531 -0.296115 1.141560 0.028277 -0.327410 1.087390
1751062144.219755 0.256972 -0.105614 1.242600 0.087226 -0.272263 1.137720 0.016398 -0.296739 1.082100
1751062144.323726 0.256260 -0.103867 1.241760 0.082247 -0.256960 1.123940 0.014263 -0.278916 1.063890
1751062144.425002 0.250187 -0.103381 1.240000 0.079186 -0.256530 1.117950 0.013539 -0.280159 1.055970
1751062144.530947 0.242821 -0.105443 1.239240 0.076515 -0.259387 1.111790 0.012020 -0.285241 1.049490
1751062144.635643 0.239956 -0.105388 1.238640 0.079290 -0.257873 1.102500 0.017486 -0.285031 1.038060
1751062144.746416 0.240726 -0.103816 1.238150 0.078543 -0.260384 1.108600 0.017014 -0.289356 1.044690
1751062144.850774 0.249781 -0.099522 1.238400 0.081439 -0.266370 1.131520 0.015615 -0.295189 1.071970
1751062144.962266 0.264559 -0.090932 1.239080 0.102489 -0.279818 1.163880 0.033490 -0.313906 1.111090
1751062145.055314 0.292806 -0.076849 1.244350 0.156354 -0.294962 1.206830 0.087703 -0.340760 1.163250
1751062145.157665 0.316929 -0.059217 1.250740 0.214662 -0.297836 1.236510 0.151852 -0.356671 1.200410
1751062145.259637 0.338273 -0.037659 1.258680 0.284567 -0.292037 1.261370 0.235046 -0.365650 1.232400
1751062145.360619 0.355477 -0.024335 1.268640 0.362410 -0.283982 1.280260 0.331874 -0.368795 1.256090
1751062145.463474 0.370285 -0.016552 1.279600 0.437515 -0.267578 1.287710 0.427521 -0.357386 1.264380
1751062145.567569 0.382001 -0.012219 1.289760 0.501705 -0.242950 1.283900 0.511213 -0.331651 1.256490
1751062145.673498 0.388733 -0.009470 1.296180 0.548856 -0.211765 1.263970 0.573848 -0.294793 1.229450
1751062145.779216 0.390360 -0.008362 1.297780 0.575774 -0.181335 1.240320 0.611089 -0.256718 1.198130
1751062145.880083 0.387962 -0.015068 1.295750 0.588184 -0.156116 1.208480 0.630326 -0.222479 1.158180
1751062145.985464 0.380376 -0.022910 1.289100 0.580756 -0.136603 1.168650 0.625093 -0.193194 1.109140
1751062146.090993 0.370510 -0.028347 1.281030 0.563702 -0.125122 1.136400 0.607123 -0.174186 1.069960
1751062146.196744 0.366464 -0.027434 1.277540 0.556688 -0.128685 1.132060 0.599156 -0.178087 1.065240
1751062146.301291 0.369290 -0.024426 1.279520 0.560068 -0.131473 1.139000 0.603160 -0.181814 1.073200
1751062146.402540 0.372056 -0.015332 1.281010 0.567189 -0.134632 1.157360 0.613062 -0.189490 1.097390
1751062146.506172 0.377506 -0.009368 1.285460 0.579422 -0.148574 1.199140 0.626882 -0.211895 1.149600
1751062146.608191 0.383652 -0.005977 1.291050 0.587876 -0.160977 1.247830 0.637237 -0.231252 1.211300
1751062146.719305 0.392481 -0.002924 1.299820 0.592947 -0.168493 1.299690 0.643588 -0.243822 1.278000
1751062146.824146 0.399642 -0.001724 1.307000 0.597820 -0.169632 1.319090 0.647644 -0.246537 1.301400
1751062146.926402 0.402800 -0.001574 1.311220 0.603837 -0.166450 1.311610 0.654528 -0.241896 1.290440
1751062147.034403 0.400741 -0.002669 1.308800 0.607426 -0.159686 1.293800 0.658730 -0.232839 1.266850
1751062147.134735 0.397869 -0.005523 1.305600 0.610548 -0.148948 1.263000 0.662101 -0.218024 1.227510
1751062147.239189 0.393840 -0.010272 1.301510 0.608709 -0.136809 1.227890 0.660744 -0.199318 1.182120
1751062147.346778 0.387541 -0.015828 1.295390 0.594396 -0.123394 1.180320 0.646540 -0.176804 1.124300
1751062147.450483 0.379092 -0.019199 1.287500 0.578266 -0.115639 1.151100 0.627475 -0.163329 1.087740
1751062147.550850 0.371333 -0.018870 1.280680 0.565999 -0.106136 1.132050 0.613356 -0.150503 1.064980
1751062147.653664 0.369566 -0.013888 1.278800 0.564389 -0.111018 1.136640 0.610962 -0.160104 1.072370
1751062147.760526 0.374034 -0.009912 1.282400 0.573238 -0.129698 1.165920 0.619263 -0.186683 1.108090
1751062147.858096 0.381306 -0.007052 1.288860 0.573720 -0.161703 1.207250 0.616613 -0.229126 1.159000
1751062147.958942 0.388546 -0.007882 1.295920 0.563248 -0.193186 1.243560 0.599855 -0.270049 1.205300
1751062148.066762 0.395755 -0.016172 1.303980 0.544627 -0.227368 1.275100 0.571167 -0.311660 1.245110
1751062148.166488 0.398778 -0.028467 1.308800 0.527487 -0.252429 1.279220 0.546149 -0.339156 1.250240
1751062148.269114 0.395939 -0.045946 1.309100 0.506327 -0.278349 1.271670 0.517103 -0.365362 1.239700
1751062148.371762 0.387576 -0.061605 1.304600 0.485280 -0.296902 1.252740 0.490538 -0.382258 1.215370
1751062148.472410 0.375333 -0.075100 1.297210 0.464653 -0.308161 1.224370 0.466232 -0.390107 1.179740
1751062148.574409 0.364136 -0.084731 1.290960 0.450106 -0.310483 1.194810 0.450789 -0.388101 1.143000
1751062148.673538 0.352520 -0.091313 1.284270 0.438691 -0.304939 1.163700 0.440246 -0.377514 1.105040
1751062148.774607 0.345291 -0.093125 1.279620 0.433442 -0.296365 1.143530 0.437275 -0.365722 1.081200
1751062148.879882 0.344077 -0.096226 1.280120 0.435531 -0.293824 1.138000 0.441235 -0.362200 1.074760
1751062148.982807 0.346298 -0.094097 1.280790 0.437081 -0.295682 1.143960 0.444035 -0.364933 1.081790
1751062149.084178 0.348730 -0.089306 1.280520 0.419026 -0.316258 1.174920 0.417656 -0.394233 1.123660
1751062149.185063 0.347779 -0.094715 1.282160 0.378330 -0.339906 1.201240 0.362487 -0.421410 1.158630
1751062149.288777 0.335490 -0.108060 1.279760 0.306717 -0.356302 1.208010 0.271380 -0.433154 1.168580
1751062149.388884 0.313462 -0.120443 1.272630 0.243767 -0.358480 1.194650 0.195864 -0.426460 1.152290
1751062149.490476 0.287117 -0.126627 1.263120 0.190100 -0.348503 1.168470 0.135650 -0.406567 1.119750
1751062149.590516 0.259899 -0.125933 1.253080 0.150958 -0.330220 1.134760 0.095800 -0.379972 1.078200
1751062149.690209 0.243254 -0.121926 1.246800 0.133923 -0.310310 1.104850 0.081327 -0.353640 1.041080
1751062149.798068 0.235657 -0.117734 1.243290 0.131154 -0.293171 1.082350 0.082971 -0.331847 1.012400
1751062149.900437 0.231024 -0.115627 1.241510 0.133771 -0.280811 1.065850 0.090497 -0.316130 0.991088
1751062150.004705 0.227264 -0.113640 1.240020 0.138772 -0.274168 1.055630 0.100224 -0.308054 0.977690
1751062150.107915 0.224890 -0.112258 1.239070 0.142010 -0.269367 1.049200 0.107235 -0.301463 0.968772
1751062150.208690 0.225785 -0.107347 1.237080 0.142896 -0.267688 1.049940 0.107801 -0.300512 0.969942
1751062150.313354 0.228442 -0.103980 1.236080 0.142004 -0.271189 1.056720 0.103276 -0.306063 0.979302
1751062150.416743 0.230407 -0.105566 1.237000 0.140881 -0.276868 1.063130 0.100643 -0.312892 0.987020
