1751062194.162380 0.347615 -0.079223 1.275750 0.453931 -0.281009 1.150900 0.464588 -0.355649 1.095900
1751062194.269101 0.350240 -0.081001 1.278340 0.474410 -0.265994 1.144330 0.491577 -0.336198 1.085280
1751062194.380379 0.347680 -0.078873 1.275670 0.468024 -0.254062 1.125920 0.485746 -0.320576 1.062900
1751062194.484642 0.342377 -0.082408 1.273220 0.455296 -0.255691 1.115670 0.471552 -0.321315 1.051330
1751062194.591462 0.336789 -0.089122 1.272040 0.444325 -0.270612 1.120060 0.456925 -0.336510 1.055190
1751062194.700276 0.339448 -0.084174 1.271880 0.441877 -0.279720 1.134510 0.450152 -0.349608 1.073220
1751062194.816325 0.348121 -0.068892 1.272620 0.448157 -0.282116 1.162500 0.453111 -0.357541 1.107760
1751062194.916328 0.359978 -0.049392 1.276240 0.464991 -0.273522 1.196630 0.470220 -0.354102 1.149840
1751062195.022485 0.372681 -0.027402 1.282770 0.495756 -0.250240 1.229900 0.506510 -0.333916 1.190000
1751062195.123854 0.383274 0.002134 1.290610 0.533721 -0.206243 1.251310 0.555126 -0.289847 1.215790
1751062195.226769 0.388072 0.036352 1.298650 0.574408 -0.140590 1.259030 0.610037 -0.219436 1.224050
1751062195.333572 0.384933 0.067504 1.303870 0.602642 -0.065680 1.254220 0.653747 -0.134524 1.217370
1751062195.450239 0.378376 0.094360 1.308780 0.619485 0.023494 1.242110 0.684601 -0.029750 1.201680
1751062195.568198 0.374032 0.111085 1.313770 0.618811 0.097797 1.227130 0.692495 0.062108 1.182340
1751062195.675261 0.370833 0.119363 1.315850 0.605928 0.153836 1.210290 0.682774 0.134711 1.160910
1751062195.774835 0.364917 0.123733 1.312930 0.588826 0.182365 1.194500 0.664993 0.171756 1.141620
1751062195.883255 0.354544 0.126597 1.305320 0.567242 0.198278 1.174000 0.640541 0.192360 1.116620
1751062195.987027 0.347969 0.126273 1.299540 0.552448 0.201804 1.157830 0.622036 0.198158 1.095750
1751062196.101091 0.347302 0.126713 1.299290 0.556284 0.195480 1.160730 0.626300 0.190544 1.099230
1751062196.216758 0.348664 0.129472 1.302240 0.562290 0.191375 1.167590 0.633535 0.186459 1.107510
1751062196.332846 0.348968 0.135019 1.306380 0.577286 0.183611 1.191800 0.653398 0.175174 1.138540
1751062196.449680 0.356846 0.140853 1.317900 0.604419 0.170453 1.244220 0.686702 0.154618 1.203130
1751062196.549238 0.366498 0.144672 1.330900 0.621728 0.166756 1.286580 0.707340 0.147391 1.254880
1751062196.652863 0.371654 0.147457 1.339380 0.628062 0.171374 1.303560 0.714711 0.152041 1.274790
1751062196.754549 0.371665 0.148705 1.340600 0.626201 0.179799 1.297650 0.712494 0.162472 1.266620
1751062196.866485 0.369921 0.146717 1.336660 0.619005 0.190578 1.276390 0.703658 0.177247 1.239430
1751062196.982726 0.368675 0.141615 1.330650 0.607678 0.199820 1.246450 0.689176 0.191623 1.201720
1751062197.099901 0.365387 0.136279 1.322700 0.592963 0.202386 1.215750 0.669776 0.197837 1.162940
1751062197.198682 0.361189 0.130480 1.314120 0.581971 0.194781 1.192790 0.655279 0.191113 1.135150
1751062197.317331 0.354475 0.126944 1.305490 0.568971 0.188532 1.172080 0.640233 0.184536 1.111950
1751062197.419672 0.352890 0.127835 1.304710 0.578430 0.170615 1.182640 0.651694 0.159903 1.125830
1751062197.533496 0.358775 0.127153 1.309490 0.599555 0.122877 1.211480 0.674113 0.098667 1.160800
1751062197.649921 0.371906 0.116120 1.314000 0.611766 0.038632 1.251060 0.681577 -0.007915 1.210200
1751062197.766191 0.384551 0.082503 1.309500 0.593280 -0.071047 1.288190 0.649400 -0.139729 1.259150
1751062197.873767 0.389523 0.037538 1.300370 0.541195 -0.173638 1.299670 0.573667 -0.257934 1.276230
1751062197.984761 0.381620 -0.009605 1.289260 0.467773 -0.254875 1.293710 0.474252 -0.345353 1.271770
1751062198.090325 0.364819 -0.052813 1.280950 0.374080 -0.312638 1.283200 0.352728 -0.400394 1.259690
1751062198.195570 0.343203 -0.084418 1.274560 0.297897 -0.340372 1.268620 0.256863 -0.419670 1.241460
1751062198.296956 0.323694 -0.101008 1.268870 0.235140 -0.344848 1.251540 0.180856 -0.413868 1.219930
1751062198.410705 0.301965 -0.106425 1.259660 0.180640 -0.334205 1.228090 0.117712 -0.392165 1.190800
1751062198.515739 0.283776 -0.095375 1.247210 0.142508 -0.308263 1.199020 0.075479 -0.356854 1.155940
1751062198.622414 0.273100 -0.082835 1.238900 0.120615 -0.281615 1.169430 0.053195 -0.322645 1.119600
1751062198.727070 0.265107 -0.076755 1.234610 0.112062 -0.264464 1.140040 0.047455 -0.301496 1.083790
1751062198.829271 0.260842 -0.074527 1.232760 0.109462 -0.258886 1.129340 0.046532 -0.296128 1.071350
1751062198.932075 0.259444 -0.077377 1.233210 0.108937 -0.262314 1.129550 0.047040 -0.300329 1.070960
1751062199.033557 0.259625 -0.077698 1.233360 0.111686 -0.265478 1.131120 0.050269 -0.304464 1.072660
1751062199.150848 0.260505 -0.074199 1.232570 0.118040 -0.268638 1.135120 0.056446 -0.309764 1.078300
1751062199.250778 0.262257 -0.069701 1.231810 0.126757 -0.274950 1.147480 0.062764 -0.318524 1.095360
1751062199.365071 0.263009 -0.073800 1.233150 0.152138 -0.300210 1.169540 0.087539 -0.348286 1.122300
1751062199.465295 0.263595 -0.089357 1.238250 0.173756 -0.320144 1.159000 0.114198 -0.369923 1.107270
1751062199.583501 0.254963 -0.117712 1.247590 0.178653 -0.338233 1.132900 0.125475 -0.383075 1.070710
1751062199.700104 0.244496 -0.136053 1.254620 0.173177 -0.331116 1.098210 0.129763 -0.368807 1.024690
1751062199.811666 0.234539 -0.138986 1.254240 0.158335 -0.319129 1.082950 0.117211 -0.350980 1.005460
1751062199.919679 0.224655 -0.137053 1.251500 0.145327 -0.304993 1.069560 0.105867 -0.333971 0.990110
1751062200.019133 0.221530 -0.133182 1.248920 0.142514 -0.293384 1.060000 0.105437 -0.322495 0.979460
1751062200.133545 0.220779 -0.126743 1.245430 0.136368 -0.290762 1.062200 0.095106 -0.320122 0.983813
1751062200.236395 0.219400 -0.122843 1.243300 0.123598 -0.292099 1.070750 0.075540 -0.320934 0.996133
1751062200.348176 0.217897 -0.122210 1.242820 0.116987 -0.292730 1.074480 0.066914 -0.321437 1.001140
