1751061360.871572 0.344525 -0.004423 1.275470 0.560482 -0.004423 1.275490 0.666709 -0.004422 1.275510
1751061364.127100 0.255082 -0.040361 1.223870 0.184044 -0.290107 1.210440 0.180853 -0.382541 1.197970
1751061364.230904 0.257267 -0.080879 1.233710 0.134702 -0.309196 1.212510 0.117758 -0.397294 1.186000
1751061364.335793 0.257399 -0.101995 1.241290 0.126754 -0.320007 1.186500 0.112401 -0.401767 1.143850
1751061364.439541 0.261815 -0.100342 1.241850 0.139354 -0.313494 1.157180 0.129751 -0.389496 1.103880
1751061364.540786 0.266136 -0.094697 1.240930 0.161342 -0.300987 1.122350 0.156479 -0.370576 1.060350
1751061364.642270 0.265137 -0.092862 1.239950 0.176784 -0.296313 1.104300 0.176172 -0.363294 1.039320
1751061364.750725 0.255769 -0.098110 1.239330 0.177865 -0.296042 1.089800 0.180709 -0.362109 1.023960
1751061364.851027 0.248275 -0.098508 1.237660 0.181071 -0.289798 1.074890 0.186229 -0.354768 1.008100
1751061364.950029 0.245152 -0.099209 1.237200 0.177967 -0.289232 1.072990 0.182546 -0.356389 1.008340
1751061365.051492 0.252972 -0.103912 1.240930 0.181316 -0.303314 1.090250 0.183497 -0.376548 1.032400
1751061365.156977 0.272613 -0.099528 1.244860 0.193923 -0.320324 1.132360 0.195216 -0.403355 1.089770
1751061365.258873 0.292925 -0.091638 1.249400 0.221758 -0.329249 1.171500 0.226514 -0.417371 1.141150
1751061365.365465 0.319187 -0.083506 1.259230 0.281525 -0.337503 1.218400 0.297166 -0.427761 1.200560
1751061365.468447 0.343972 -0.068894 1.269710 0.351038 -0.328050 1.200000 0.382439 -0.414916 1.236660
1751061365.573073 0.368618 -0.043997 1.282100 0.424487 -0.297132 1.262000 0.470425 -0.376880 1.246590
1751061365.674191 0.381907 -0.022714 1.290570 0.479086 -0.261439 1.256420 0.537231 -0.330358 1.232350
1751061365.775946 0.391808 -0.008963 1.299310 0.536070 -0.216372 1.237900 0.605022 -0.267851 1.201780
1751061365.880394 0.395507 -0.003083 1.303040 0.572575 -0.174571 1.220350 0.646470 -0.210844 1.176300
1751061365.980778 0.397216 -0.003017 1.304910 0.594796 -0.134493 1.198720 0.669480 -0.157412 1.147660
1751061366.083990 0.395209 -0.007942 1.302860 0.598634 -0.106184 1.174150 0.671770 -0.120148 1.117890
1751061366.187529 0.390902 -0.013535 1.298630 0.591375 -0.093652 1.153740 0.663062 -0.104127 1.094900
1751061366.289025 0.384716 -0.019025 1.292890 0.579452 -0.083432 1.133110 0.648548 -0.091048 1.070840
1751061366.389645 0.382542 -0.019540 1.290800 0.578422 -0.084558 1.132720 0.647650 -0.091991 1.070500
1751061366.501012 0.383766 -0.018680 1.291930 0.581048 -0.082543 1.135090 0.648059 -0.087598 1.070330
1751061366.601111 0.386942 -0.015602 1.294700 0.588346 -0.079238 1.143160 0.654830 -0.081636 1.077710
1751061366.705928 0.385194 -0.009160 1.292660 0.590555 -0.087982 1.154040 0.664140 -0.096893 1.097340
1751061366.806564 0.378577 -0.003868 1.286260 0.579548 -0.108359 1.158600 0.656535 -0.128579 1.109890
1751061366.907847 0.364782 0.000056 1.274400 0.549273 -0.142356 1.159200 0.624837 -0.179296 1.118760
1751061367.010376 0.351244 0.001220 1.264290 0.513768 -0.171846 1.158000 0.584274 -0.221719 1.122920
1751061367.117080 0.336411 -0.000385 1.254520 0.470932 -0.195182 1.147000 0.533167 -0.254545 1.110790
1751061367.219347 0.323319 -0.004533 1.247010 0.433489 -0.203593 1.121100 0.487579 -0.266287 1.078110
1751061367.322268 0.314319 -0.008472 1.242450 0.411328 -0.201876 1.098280 0.460727 -0.263552 1.048630
1751061367.429797 0.309329 -0.011650 1.240160 0.400307 -0.199118 1.084670 0.447540 -0.259422 1.031360
1751061367.531483 0.312729 -0.013777 1.241900 0.408323 -0.201498 1.089510 0.457218 -0.260640 1.036400
1751061367.634563 0.324308 -0.015217 1.247980 0.433752 -0.204030 1.106660 0.487736 -0.260440 1.055540
1751061367.738072 0.347358 -0.014897 1.262000 0.489130 -0.195172 1.139590 0.553632 -0.244459 1.093550
1751061367.839524 0.368583 -0.015252 1.278080 0.541518 -0.171688 1.163000 0.614136 -0.208126 1.117100
1751061367.939775 0.385319 -0.014855 1.293120 0.580298 -0.135905 1.170930 0.655213 -0.156169 1.119100
1751061368.050270 0.394574 -0.013092 1.302400 0.599893 -0.094335 1.165190 0.671411 -0.099039 1.105420
1751061368.155261 0.392952 -0.016592 1.301010 0.595471 -0.071172 1.147360 0.659150 -0.067428 1.079240
1751061368.258384 0.388972 -0.021387 1.297360 0.585678 -0.062722 1.132440 0.644949 -0.056815 1.060590
1751061368.366211 0.386376 -0.024175 1.295070 0.578543 -0.061255 1.123910 0.639716 -0.054690 1.053700
1751061368.470498 0.388611 -0.022501 1.297110 0.585902 -0.069586 1.134450 0.653219 -0.066470 1.069890
1751061368.571821 0.391377 -0.009554 1.298890 0.596264 -0.090864 1.161010 0.668118 -0.095068 1.101600
1751061368.673779 0.390271 0.004875 1.297570 0.587614 -0.126348 1.190630 0.661951 -0.141893 1.136390
1751061368.773589 0.389918 0.012264 1.297540 0.555478 -0.173720 1.222700 0.628582 -0.204554 1.173560
1751061368.877586 0.387509 0.000555 1.294730 0.490536 -0.233693 1.248760 0.554722 -0.286089 1.205810
1751061368.979481 0.376141 -0.029673 1.286140 0.432524 -0.279542 1.241570 0.483781 -0.346025 1.200800
1751061369.085039 0.356833 -0.060962 1.276700 0.373286 -0.316096 1.229460 0.410155 -0.392680 1.190920
1751061369.187542 0.329208 -0.086854 1.266310 0.298033 -0.340242 1.217090 0.318582 -0.423841 1.181050
1751061369.292363 0.308412 -0.097831 1.259000 0.250020 -0.345785 1.207030 0.259661 -0.431721 1.171930
1751061369.397031 0.287348 -0.102612 1.251550 0.201116 -0.340555 1.191990 0.199841 -0.426806 1.156370
1751061369.499696 0.272844 -0.100964 1.245520 0.174124 -0.330735 1.174390 0.168093 -0.415493 1.135800
1751061369.602652 0.263341 -0.097762 1.241200 0.163784 -0.322292 1.155980 0.157379 -0.404856 1.112950
1751061369.704717 0.255591 -0.094751 1.238010 0.165354 -0.313588 1.130460 0.161648 -0.392600 1.080930
1751061369.807220 0.250719 -0.092515 1.235990 0.167014 -0.305921 1.113310 0.164990 -0.382508 1.060000
1751061369.908648 0.247249 -0.096414 1.236630 0.163053 -0.309710 1.114090 0.161574 -0.385962 1.060300
1751061370.011469 0.246484 -0.100204 1.237910 0.164605 -0.318778 1.123300 0.164461 -0.395106 1.069600
1751061370.117743 0.255888 -0.095685 1.238430 0.184994 -0.327339 1.144040 0.186730 -0.409618 1.100030
1751061370.218511 0.271844 -0.090061 1.241020 0.228555 -0.334333 1.163200 0.240779 -0.418479 1.124730
1751061370.321278 0.295376 -0.082104 1.247120 0.296988 -0.332210 1.176090 0.325414 -0.413746 1.140690
1751061370.424415 0.314341 -0.070267 1.252360 0.361018 -0.315197 1.178670 0.403863 -0.389852 1.142600
1751061370.524784 0.328585 -0.051384 1.255380 0.425414 -0.274059 1.162430 0.480738 -0.336613 1.120770
1751061370.625242 0.334665 -0.037130 1.256350 0.458870 -0.231643 1.136610 0.519528 -0.281883 1.086550
1751061370.724980 0.335663 -0.024272 1.255300 0.473768 -0.185186 1.104860 0.534674 -0.223377 1.045350
1751061370.826107 0.330853 -0.017269 1.251820 0.471007 -0.145933 1.074610 0.529392 -0.174995 1.007860
1751061370.932616 0.323948 -0.009502 1.247500 0.458058 -0.109364 1.048390 0.514206 -0.136211 0.978854
1751061371.034789 0.315865 -0.005898 1.243150 0.443596 -0.096918 1.035780 0.499679 -0.123504 0.966092
1751061371.135755 0.310086 -0.004179 1.240290 0.434698 -0.089407 1.028610 0.490920 -0.112920 0.957932
1751061371.238800 0.304494 -0.000941 1.237600 0.426788 -0.079667 1.022160 0.482622 -0.100599 0.950373
1751061371.340743 0.300842 0.003305 1.236090 0.428646 -0.083065 1.026790 0.487368 -0.106244 0.958061
1751061371.451389 0.296124 0.009083 1.234200 0.424600 -0.081438 1.027120 0.484576 -0.106217 0.960055
1751061371.555459 0.294706 0.011464 1.233760 0.422019 -0.079874 1.026280 0.481794 -0.105202 0.959239
1751061371.656540 0.292298 0.011490 1.232800 0.419788 -0.079410 1.025240 0.479390 -0.104563 0.957979
1751061371.757069 0.292201 0.011485 1.232770 0.419711 -0.079587 1.025290 0.479354 -0.104868 0.958112
