1751062231.193220 0.263719 -0.086263 1.237220 0.094485 -0.250824 1.128230 0.029492 -0.276473 1.066360
1751062231.298079 0.256864 -0.086230 1.235330 0.093903 -0.250322 1.116510 0.031377 -0.279909 1.053870
1751062231.395951 0.256706 -0.085896 1.235180 0.094601 -0.258279 1.127400 0.031496 -0.287248 1.065090
1751062231.498402 0.275856 -0.077156 1.238100 0.124067 -0.272273 1.157540 0.057015 -0.303930 1.100870
1751062231.604020 0.301629 -0.065516 1.244910 0.168350 -0.283578 1.197100 0.099490 -0.323130 1.148000
1751062231.708212 0.327425 -0.055146 1.255550 0.217992 -0.290359 1.238200 0.151598 -0.342698 1.198730
1751062231.810551 0.351987 -0.048430 1.270000 0.268855 -0.294734 1.265200 0.210049 -0.359093 1.231890
1751062231.914739 0.372306 -0.044835 1.285460 0.320554 -0.299389 1.274300 0.272144 -0.371809 1.240840
1751062232.019717 0.385345 -0.039383 1.296500 0.364366 -0.296632 1.265150 0.327176 -0.373425 1.227340
1751062232.126028 0.390906 -0.036112 1.301540 0.407530 -0.288966 1.243330 0.382690 -0.367385 1.199250
1751062232.225644 0.388969 -0.037762 1.299840 0.442379 -0.276936 1.212990 0.430568 -0.354110 1.161860
1751062232.339702 0.384013 -0.049081 1.297360 0.465322 -0.268255 1.183560 0.463601 -0.340871 1.124960
1751062232.442579 0.373064 -0.067750 1.292450 0.474489 -0.258110 1.147280 0.481052 -0.323314 1.080830
1751062232.542470 0.362471 -0.084026 1.289250 0.475157 -0.257411 1.131600 0.487198 -0.317892 1.061600
1751062232.644730 0.357532 -0.090420 1.287870 0.474771 -0.256293 1.125570 0.489094 -0.315468 1.054840
1751062232.755034 0.359438 -0.091084 1.289740 0.482366 -0.253701 1.128360 0.498375 -0.312702 1.057840
1751062232.865535 0.365548 -0.081991 1.291000 0.492173 -0.251333 1.139760 0.508811 -0.313024 1.071740
1751062232.970071 0.368254 -0.066645 1.287810 0.493522 -0.269069 1.183250 0.505934 -0.342202 1.126620
1751062233.072939 0.371536 -0.053812 1.286920 0.484193 -0.283739 1.241740 0.492558 -0.369017 1.204760
1751062233.186932 0.375682 -0.048916 1.289410 0.470516 -0.291002 1.288730 0.475458 -0.381949 1.268380
1751062233.298945 0.379823 -0.048402 1.293130 0.467772 -0.293046 1.296960 0.471484 -0.384581 1.279150
1751062233.414625 0.380113 -0.049344 1.293640 0.473536 -0.291834 1.285250 0.478620 -0.382352 1.263100
1751062233.514254 0.378684 -0.052329 1.293000 0.483052 -0.289032 1.266990 0.490952 -0.377411 1.238070
1751062233.618807 0.375721 -0.056600 1.291440 0.494105 -0.280848 1.234010 0.506114 -0.364743 1.194930
1751062233.720268 0.368426 -0.065212 1.287500 0.497911 -0.272506 1.198820 0.513603 -0.349844 1.149000
1751062233.821981 0.358051 -0.075227 1.282200 0.490356 -0.265057 1.163670 0.508462 -0.334763 1.104320
1751062233.921052 0.349885 -0.077944 1.276950 0.481294 -0.257258 1.142120 0.500570 -0.322251 1.077980
1751062234.022924 0.345496 -0.077742 1.273700 0.475502 -0.254748 1.134500 0.494844 -0.319657 1.070330
1751062234.134411 0.347173 -0.078391 1.275130 0.475029 -0.257235 1.136320 0.492840 -0.322718 1.072260
1751062234.236628 0.353652 -0.070757 1.277300 0.478587 -0.259542 1.149400 0.494362 -0.328265 1.088200
1751062234.337027 0.363063 -0.054936 1.280050 0.482560 -0.261428 1.176700 0.495203 -0.335776 1.121720
1751062234.446318 0.376221 -0.034354 1.286940 0.490874 -0.256229 1.214650 0.501450 -0.336306 1.167900
1751062234.554672 0.389913 -0.013116 1.297590 0.506624 -0.241505 1.254960 0.518206 -0.326216 1.217550
1751062234.659010 0.401148 0.006005 1.309400 0.530202 -0.218484 1.285900 0.546851 -0.305038 1.255280
1751062234.767224 0.408685 0.025125 1.320150 0.556638 -0.188016 1.303390 0.582114 -0.273671 1.276480
1751062234.863897 0.411353 0.047817 1.328520 0.583471 -0.146273 1.311080 0.619357 -0.228518 1.285430
1751062234.966328 0.407527 0.068080 1.330570 0.604039 -0.100819 1.309210 0.649378 -0.177757 1.282110
1751062235.072141 0.400082 0.083596 1.328040 0.618204 -0.055150 1.300250 0.672490 -0.124720 1.269870
1751062235.179403 0.390395 0.095939 1.322790 0.625526 -0.005836 1.278570 0.687310 -0.066080 1.243030
1751062235.282658 0.381664 0.104322 1.317750 0.624820 0.042704 1.249350 0.691866 -0.006450 1.206940
1751062235.387355 0.374272 0.109879 1.313280 0.617133 0.083174 1.224370 0.687600 0.045414 1.176220
1751062235.487292 0.370166 0.113235 1.311210 0.605269 0.115248 1.200200 0.676792 0.087261 1.147190
1751062235.591774 0.368865 0.111876 1.309100 0.594735 0.134680 1.182360 0.666003 0.114631 1.125540
1751062235.692793 0.369700 0.107762 1.307470 0.585030 0.147102 1.167160 0.654682 0.134016 1.106440
1751062235.796842 0.366615 0.105672 1.303350 0.571955 0.155281 1.151780 0.637860 0.147774 1.086130
1751062235.898946 0.364069 0.108075 1.302360 0.569480 0.157904 1.150950 0.636178 0.150238 1.086130
1751062236.000871 0.363311 0.111420 1.303590 0.570179 0.158730 1.153370 0.638538 0.150459 1.090370
1751062236.101928 0.360753 0.116498 1.304330 0.577720 0.154409 1.166170 0.649341 0.142111 1.107610
1751062236.203922 0.360358 0.120144 1.306260 0.588166 0.148874 1.184290 0.662679 0.131878 1.130730
1751062236.307354 0.352332 0.127147 1.303770 0.593674 0.137311 1.207590 0.671014 0.112659 1.161540
1751062236.414931 0.348523 0.134860 1.305890 0.595357 0.129419 1.224380 0.673854 0.098966 1.184130
1751062236.531725 0.351430 0.136498 1.309600 0.600906 0.126796 1.237020 0.680042 0.094805 1.199280
1751062236.634224 0.355336 0.136952 1.313450 0.605446 0.127328 1.243080 0.684806 0.095281 1.205870
1751062236.742736 0.356622 0.137239 1.314860 0.607039 0.130596 1.245240 0.686678 0.099116 1.208140
1751062236.845702 0.355259 0.136471 1.313010 0.604918 0.135109 1.240430 0.684540 0.105384 1.201880
1751062236.948265 0.354634 0.131574 1.308850 0.599788 0.140804 1.222740 0.677840 0.114939 1.178600
1751062237.051482 0.352516 0.122770 1.301060 0.585268 0.144244 1.187190 0.657239 0.124697 1.131090
1751062237.151975 0.349323 0.114755 1.293580 0.570588 0.145670 1.160590 0.638602 0.131284 1.098320
1751062237.265147 0.348252 0.111308 1.290790 0.566388 0.141047 1.152470 0.634786 0.127663 1.090410
1751062237.381552 0.352802 0.112071 1.294860 0.573019 0.139154 1.159320 0.642387 0.123734 1.098800
1751062237.485505 0.345368 0.121240 1.294290 0.583136 0.116542 1.189200 0.654674 0.089219 1.135860
1751062237.587294 0.344855 0.125649 1.296640 0.586839 0.083978 1.211160 0.657088 0.044898 1.163700
1751062237.689724 0.354958 0.117675 1.299960 0.587742 0.012813 1.250810 0.651337 -0.044516 1.213680
1751062237.803079 0.369557 0.097976 1.301990 0.571938 -0.064469 1.286060 0.621057 -0.138932 1.258630
1751062237.916308 0.387009 0.066185 1.305560 0.525680 -0.153649 1.312100 0.548938 -0.241716 1.291800
1751062238.031287 0.396551 0.015262 1.304770 0.455874 -0.237162 1.323820 0.448195 -0.328820 1.308030
1751062238.149070 0.384867 -0.032806 1.294800 0.387652 -0.291168 1.323830 0.358504 -0.378760 1.310130
1751062238.250503 0.360642 -0.077422 1.285140 0.306418 -0.330509 1.309780 0.258012 -0.408682 1.293790
1751062238.367193 0.334352 -0.101488 1.275000 0.226792 -0.337992 1.285620 0.163655 -0.402942 1.263160
1751062238.483695 0.311029 -0.110334 1.266090 0.167052 -0.326357 1.251700 0.095003 -0.376671 1.220350
1751062238.583699 0.294911 -0.111183 1.258610 0.132700 -0.311466 1.224340 0.057766 -0.351958 1.186000
1751062238.698565 0.275364 -0.106929 1.248900 0.104000 -0.293270 1.189640 0.029320 -0.325447 1.143850
1751062238.803470 0.261203 -0.100414 1.241700 0.091422 -0.281005 1.163210 0.019134 -0.310295 1.111960
1751062238.907872 0.253989 -0.097343 1.238580 0.086085 -0.272654 1.145440 0.016337 -0.300305 1.089940
1751062239.014890 0.248864 -0.096174 1.236900 0.081334 -0.269548 1.139560 0.012784 -0.296621 1.082310
1751062239.118431 0.246186 -0.098996 1.237380 0.076912 -0.270985 1.140600 0.008758 -0.297739 1.082730
1751062239.231423 0.247004 -0.096971 1.236780 0.074822 -0.267489 1.142570 0.006479 -0.293830 1.084730
1751062239.330185 0.254442 -0.093830 1.237380 0.079273 -0.269601 1.159700 0.008709 -0.297393 1.105400
1751062239.432226 0.264021 -0.088506 1.238070 0.101829 -0.286850 1.193870 0.027331 -0.321077 1.149280
1751062239.551903 0.271101 -0.090368 1.240890 0.146029 -0.314705 1.200520 0.072652 -0.356655 1.160900
1751062239.653492 0.272232 -0.104541 1.246800 0.169388 -0.321947 1.148020 0.105373 -0.364735 1.095200
1751062239.754171 0.265329 -0.114940 1.249240 0.176246 -0.299681 1.089440 0.123566 -0.335393 1.021100
1751062239.858338 0.257199 -0.115433 1.247110 0.168412 -0.280840 1.067200 0.119456 -0.311209 0.993808
1751062239.965580 0.250691 -0.111358 1.243560 0.156772 -0.271215 1.061290 0.107109 -0.299746 0.987607
1751062240.067350 0.246418 -0.107484 1.240880 0.150555 -0.260059 1.053440 0.102799 -0.286948 0.977909
1751062240.182129 0.244955 -0.101669 1.238160 0.151146 -0.253826 1.049350 0.103920 -0.281099 0.973623
1751062240.284177 0.247356 -0.097322 1.236990 0.151224 -0.252405 1.051770 0.100298 -0.279469 0.978401
1751062240.392681 0.249964 -0.092738 1.235890 0.151237 -0.256281 1.059520 0.097349 -0.285333 0.989087
