1751915378.865196 0.021939 -0.183636 1.364580 -0.035170 -0.416695 1.264590 -0.078900 -0.487550 1.222440
1751915378.969092 0.018402 -0.179189 1.365450 -0.033211 -0.410142 1.257940 -0.074716 -0.479275 1.210950
1751915379.071012 0.019319 -0.177263 1.363100 -0.026119 -0.407385 1.251090 -0.065408 -0.476705 1.202500
1751915379.175463 0.021949 -0.178157 1.360880 -0.027296 -0.407697 1.249100 -0.068853 -0.476046 1.201030
1751915379.276023 0.023745 -0.180652 1.361840 -0.027817 -0.411075 1.252960 -0.071601 -0.478857 1.206070
1751915379.378777 0.032895 -0.187039 1.361500 -0.021836 -0.421120 1.262460 -0.067546 -0.489615 1.218500
1751915379.482211 0.055530 -0.204786 1.364390 -0.003870 -0.445057 1.284730 -0.052475 -0.515399 1.247300
1751915379.584549 0.093568 -0.223202 1.359940 0.034501 -0.470902 1.307230 -0.014340 -0.544828 1.277920
1751915379.690248 0.135198 -0.238827 1.360980 0.090212 -0.491913 1.321790 0.046408 -0.570430 1.296770
1751915379.796785 0.186155 -0.247501 1.363560 0.172157 -0.504631 1.328170 0.139466 -0.588635 1.304000
1751915379.899781 0.231625 -0.245330 1.364620 0.254519 -0.500872 1.323640 0.234737 -0.588258 1.297520
1751915380.012860 0.284258 -0.232038 1.365540 0.360720 -0.473943 1.310040 0.360134 -0.561965 1.279030
1751915380.116335 0.321708 -0.211227 1.360350 0.447568 -0.426708 1.288750 0.465342 -0.510990 1.252830
1751915380.226165 0.347671 -0.189663 1.355150 0.518401 -0.362204 1.263050 0.554192 -0.437110 1.220420
1751915380.327837 0.353919 -0.177570 1.347210 0.550968 -0.310145 1.242050 0.598931 -0.374734 1.194700
1751915380.430507 0.349503 -0.173136 1.338160 0.554909 -0.281697 1.221810 0.607833 -0.339181 1.170780
1751915380.545290 0.337990 -0.169918 1.324810 0.544800 -0.262007 1.197140 0.599198 -0.314259 1.142190
1751915380.647892 0.326322 -0.164489 1.311480 0.528984 -0.250423 1.173280 0.581897 -0.300747 1.115170
1751915380.752879 0.314611 -0.160139 1.300680 0.509078 -0.241004 1.148420 0.559661 -0.287976 1.085610
1751915380.851725 0.306467 -0.155067 1.292300 0.492745 -0.230449 1.127460 0.541368 -0.273762 1.060600
1751915380.953140 0.303585 -0.149833 1.287390 0.487612 -0.228084 1.121260 0.535546 -0.271994 1.054300
1751915381.058759 0.306554 -0.148840 1.288720 0.494223 -0.232420 1.129000 0.542534 -0.277132 1.063240
1751915381.158232 0.310410 -0.145393 1.288400 0.504166 -0.242053 1.144480 0.552764 -0.292308 1.082650
1751915381.263487 0.311134 -0.145660 1.288360 0.507254 -0.258615 1.160330 0.554368 -0.316115 1.103910
1751915381.368632 0.306560 -0.149210 1.286970 0.496056 -0.277518 1.163510 0.539667 -0.339626 1.109200
1751915381.477715 0.300700 -0.149965 1.283630 0.479442 -0.297009 1.165100 0.517988 -0.363113 1.111690
1751915381.581339 0.294380 -0.146800 1.278490 0.465806 -0.308493 1.168550 0.501313 -0.377639 1.116900
1751915381.686028 0.292798 -0.144930 1.276610 0.460367 -0.315702 1.174730 0.494905 -0.386984 1.125380
1751915381.789627 0.297330 -0.146417 1.279080 0.464170 -0.317969 1.177320 0.499101 -0.389365 1.128410
1751915381.893720 0.302918 -0.149292 1.283320 0.473880 -0.314772 1.178480 0.510485 -0.384937 1.129020
1751915381.994127 0.307266 -0.150850 1.286710 0.482389 -0.310474 1.179710 0.520733 -0.379346 1.129750
1751915382.100198 0.312535 -0.154335 1.292490 0.494990 -0.303640 1.182920 0.536416 -0.370077 1.132130
1751915382.203412 0.317165 -0.160406 1.300200 0.508291 -0.296050 1.187700 0.553872 -0.359054 1.136180
1751915382.306874 0.319653 -0.168164 1.308520 0.520733 -0.285216 1.192600 0.570945 -0.343453 1.139710
1751915382.409295 0.319116 -0.172637 1.312120 0.527705 -0.274613 1.195210 0.581464 -0.328664 1.141380
1751915382.509878 0.317960 -0.175119 1.314200 0.530626 -0.263434 1.193680 0.586755 -0.313185 1.138140
1751915382.613087 0.317668 -0.173982 1.313970 0.531254 -0.252026 1.188040 0.588322 -0.298493 1.130650
1751915382.717008 0.312781 -0.168120 1.306430 0.525673 -0.242203 1.176980 0.580876 -0.287109 1.116600
1751915382.818854 0.307977 -0.165772 1.301000 0.515811 -0.235913 1.162380 0.567775 -0.278047 1.097310
1751915382.923059 0.303771 -0.156806 1.292160 0.506180 -0.234303 1.148630 0.553953 -0.278103 1.081480
1751915383.027456 0.300046 -0.153436 1.287820 0.499353 -0.238505 1.144160 0.544771 -0.284335 1.076730
1751915383.131289 0.295851 -0.155440 1.286910 0.493432 -0.243709 1.142810 0.537628 -0.290557 1.075270
1751915383.236778 0.293838 -0.155927 1.286180 0.491250 -0.239836 1.139310 0.535479 -0.287314 1.072230
1751915383.342713 0.297310 -0.157267 1.289820 0.497411 -0.247659 1.150000 0.541787 -0.297668 1.085480
1751915383.446584 0.303219 -0.163956 1.298730 0.506154 -0.274686 1.179790 0.550281 -0.330895 1.119760
1751915383.552489 0.312447 -0.175693 1.314670 0.508193 -0.318099 1.219850 0.548784 -0.383436 1.167000
1751915383.654338 0.318752 -0.186058 1.329270 0.496995 -0.362014 1.259540 0.530267 -0.437087 1.215190
1751915383.758735 0.318617 -0.199376 1.344210 0.467020 -0.407458 1.296660 0.488389 -0.490457 1.259720
1751915383.861900 0.313440 -0.211271 1.355810 0.427564 -0.442476 1.322800 0.436119 -0.529813 1.291030
1751915383.961054 0.293730 -0.231332 1.371520 0.350537 -0.484242 1.351000 0.338492 -0.573182 1.325420
1751915384.066551 0.260691 -0.252606 1.390910 0.271477 -0.511594 1.369520 0.242262 -0.596840 1.345240
1751915384.168276 0.220780 -0.265239 1.405700 0.199317 -0.523378 1.382430 0.158599 -0.603738 1.358060
1751915384.276397 0.171049 -0.269523 1.420830 0.116513 -0.522643 1.396630 0.065748 -0.597117 1.372400
1751915384.376580 0.131930 -0.265862 1.431710 0.057294 -0.513120 1.401490 0.001416 -0.583186 1.375460
1751915384.479649 0.102880 -0.258862 1.437500 0.022211 -0.502692 1.397040 -0.034064 -0.571192 1.367880
1751915384.580472 0.078739 -0.248514 1.433950 0.001796 -0.491171 1.381350 -0.052766 -0.559009 1.347720
1751915384.683691 0.064721 -0.238933 1.424330 -0.006472 -0.480469 1.359930 -0.058840 -0.547811 1.322080
1751915384.790547 0.054776 -0.229501 1.412140 -0.009827 -0.468074 1.331730 -0.058996 -0.534698 1.288680
1751915384.895363 0.049326 -0.222378 1.401520 -0.006383 -0.458289 1.307730 -0.051747 -0.525047 1.260800
1751915384.997471 0.045265 -0.216794 1.394380 0.004932 -0.450094 1.287100 -0.035530 -0.517945 1.237500
1751915385.099393 0.046476 -0.214691 1.389870 0.016211 -0.447848 1.279010 -0.021988 -0.516646 1.228840
1751915385.201335 0.047537 -0.215544 1.389830 0.016841 -0.450559 1.282910 -0.021233 -0.519463 1.232780
1751915385.304775 0.046396 -0.216387 1.390540 0.016108 -0.451607 1.283920 -0.021834 -0.520548 1.233740
1751915385.409208 0.045651 -0.214784 1.387800 0.015921 -0.451045 1.283430 -0.022431 -0.520356 1.234090
1751915385.510511 0.052244 -0.213962 1.381520 0.012676 -0.454718 1.291680 -0.029812 -0.525255 1.247760
1751915385.615111 0.067523 -0.224084 1.385930 0.008355 -0.467882 1.317520 -0.041043 -0.538697 1.282090
1751915385.715024 0.079676 -0.234573 1.393130 0.012494 -0.478915 1.334680 -0.039409 -0.550088 1.303850
1751915385.823465 0.092132 -0.242950 1.396640 0.026957 -0.489464 1.345550 -0.024450 -0.562009 1.317190
1751915385.927626 0.115048 -0.249753 1.392540 0.056740 -0.499081 1.347390 0.006877 -0.573367 1.320840
1751915386.031498 0.149226 -0.251590 1.378420 0.103302 -0.503116 1.331610 0.057015 -0.579261 1.303870
1751915386.141660 0.187975 -0.246903 1.361650 0.170751 -0.497624 1.295970 0.134318 -0.576406 1.261680
1751915386.241709 0.219993 -0.237708 1.347810 0.235049 -0.480671 1.257370 0.210396 -0.560319 1.215440
1751915386.343143 0.248708 -0.221127 1.330520 0.300141 -0.445673 1.210570 0.288842 -0.524176 1.161380
1751915386.448467 0.261758 -0.202423 1.312710 0.330517 -0.413933 1.178340 0.325110 -0.490112 1.124700
1751915386.556609 0.266612 -0.186291 1.297820 0.339134 -0.387653 1.150330 0.335292 -0.460502 1.092120
1751915386.664260 0.263978 -0.172278 1.284000 0.330901 -0.363925 1.122030 0.325309 -0.432364 1.058800
1751915386.777255 0.252660 -0.161508 1.272410 0.301203 -0.341362 1.091080 0.290004 -0.403768 1.022600
1751915386.887227 0.236812 -0.151853 1.262050 0.262545 -0.323585 1.068510 0.244141 -0.380661 0.997009
1751915386.990777 0.213517 -0.134437 1.248400 0.206604 -0.303485 1.050970 0.177475 -0.355159 0.978924
1751915387.098041 0.194002 -0.116768 1.239050 0.168478 -0.283661 1.041250 0.132800 -0.333415 0.970818
1751915387.201017 0.182705 -0.102418 1.233510 0.149025 -0.269987 1.037570 0.110804 -0.320062 0.968720
1751915387.305434 0.180739 -0.098757 1.232060 0.144256 -0.267208 1.037400 0.105247 -0.317443 0.969105
1751915387.411217 0.182662 -0.099089 1.232190 0.145346 -0.268933 1.038900 0.105115 -0.319891 0.971867
1751915387.512325 0.185905 -0.097105 1.231160 0.150119 -0.265378 1.036220 0.108814 -0.318109 0.971200
1751915387.617604 0.187920 -0.092627 1.229040 0.153331 -0.260889 1.033860 0.112216 -0.315267 0.970130
1751915387.726198 0.187433 -0.089953 1.227840 0.151956 -0.260370 1.034690 0.110320 -0.314380 0.970983
1751915387.834356 0.185361 -0.090627 1.228270 0.148733 -0.263407 1.037400 0.106761 -0.316982 0.973622
1751915387.937104 0.183914 -0.093617 1.229520 0.146222 -0.267056 1.039530 0.104398 -0.320349 0.975349
1751915388.041050 0.182651 -0.096755 1.230500 0.144365 -0.271795 1.042150 0.102935 -0.324867 0.977530
1751915388.146690 0.181226 -0.098776 1.231100 0.141463 -0.274700 1.043830 0.100530 -0.327380 0.978573
1751915388.250882 0.181001 -0.098853 1.230900 0.141245 -0.274271 1.043200 0.100520 -0.326699 0.977608
1751915388.351582 0.179958 -0.098446 1.230800 0.140820 -0.272083 1.041270 0.100111 -0.324674 0.975802
1751915388.455090 0.179083 -0.097727 1.230660 0.139787 -0.271102 1.040940 0.099523 -0.323660 0.975168
1751915388.561410 0.179482 -0.097141 1.230490 0.140498 -0.270960 1.041080 0.100168 -0.323752 0.975542
1751915388.666073 0.179216 -0.097524 1.230600 0.139902 -0.271361 1.041270 0.099561 -0.324286 0.975845
