1751915481.791584 0.022642 -0.172986 1.348630 -0.033401 -0.410554 1.259500 -0.074537 -0.483363 1.218070
1751915481.906155 0.023841 -0.174222 1.350840 -0.001648 -0.408290 1.240980 -0.033220 -0.482334 1.193750
1751915482.014004 0.034010 -0.180179 1.350510 0.007461 -0.413576 1.239100 -0.027072 -0.487195 1.193370
1751915482.121563 0.044168 -0.188506 1.351960 0.003166 -0.422020 1.245230 -0.036495 -0.494263 1.201440
1751915482.227382 0.063485 -0.201262 1.351110 -0.002592 -0.434418 1.256930 -0.050899 -0.503965 1.217000
1751915482.334229 0.088060 -0.218959 1.356710 -0.004619 -0.446208 1.270850 -0.061107 -0.511449 1.235320
1751915482.454588 0.131667 -0.237568 1.359470 0.013643 -0.455501 1.280700 -0.050034 -0.515038 1.247380
1751915482.571162 0.180368 -0.245896 1.360360 0.055563 -0.458800 1.278400 -0.009768 -0.515600 1.243560
1751915482.676552 0.217964 -0.242891 1.357130 0.101339 -0.456911 1.266700 0.038721 -0.514838 1.228840
1751915482.778872 0.255036 -0.228974 1.345260 0.162864 -0.449186 1.242520 0.108210 -0.511718 1.199950
1751915482.881158 0.279788 -0.201497 1.319430 0.217922 -0.429761 1.211720 0.173444 -0.497761 1.165820
1751915482.981891 0.289552 -0.165168 1.288610 0.260649 -0.396278 1.173420 0.226763 -0.467696 1.123810
1751915483.087370 0.283682 -0.135331 1.266050 0.284666 -0.355214 1.127790 0.260837 -0.425041 1.070640
1751915483.204388 0.271415 -0.117475 1.252840 0.287256 -0.307997 1.076970 0.270922 -0.369358 1.008580
1751915483.308608 0.271621 -0.107654 1.248610 0.283813 -0.292430 1.066190 0.267012 -0.351761 0.996144
1751915483.423398 0.271078 -0.098691 1.243960 0.278572 -0.286084 1.063860 0.260313 -0.345487 0.994238
1751915483.526719 0.266826 -0.095703 1.241450 0.274491 -0.284951 1.063300 0.256104 -0.344884 0.994175
1751915483.639019 0.267397 -0.094690 1.241180 0.272140 -0.288265 1.067630 0.252072 -0.350256 1.000820
1751915483.745823 0.275411 -0.086636 1.240920 0.277107 -0.289419 1.078100 0.253934 -0.354363 1.015270
1751915483.845723 0.297585 -0.070119 1.243850 0.286744 -0.282423 1.094090 0.256970 -0.349262 1.036160
1751915483.949181 0.321150 -0.059215 1.252180 0.297337 -0.269130 1.100570 0.264106 -0.334342 1.042670
1751915484.055083 0.326177 -0.053570 1.253900 0.305512 -0.260301 1.097600 0.274721 -0.323650 1.036430
1751915484.161010 0.321765 -0.057481 1.252350 0.309631 -0.263928 1.094790 0.281748 -0.327886 1.032810
1751915484.264825 0.310799 -0.068001 1.249000 0.307058 -0.274905 1.092190 0.282409 -0.339892 1.029910
1751915484.372173 0.294110 -0.079092 1.245190 0.300606 -0.284323 1.085710 0.280357 -0.349432 1.021990
1751915484.476162 0.279560 -0.090980 1.243710 0.291458 -0.290335 1.077290 0.274036 -0.353697 1.011020
1751915484.588586 0.269574 -0.099613 1.243610 0.284552 -0.287215 1.064320 0.270156 -0.346328 0.993556
1751915484.705081 0.266759 -0.099276 1.242690 0.285350 -0.280090 1.056830 0.272585 -0.337238 0.984162
1751915484.824319 0.265992 -0.097023 1.241150 0.285959 -0.276110 1.053720 0.272742 -0.333271 0.981145
1751915484.927495 0.266452 -0.094300 1.239780 0.283832 -0.275892 1.054490 0.268394 -0.334205 0.983281
1751915485.034082 0.268250 -0.092052 1.239580 0.280514 -0.278789 1.059040 0.261939 -0.338414 0.989697
1751915485.139795 0.270300 -0.088456 1.238850 0.282340 -0.288568 1.073260 0.261198 -0.351972 1.008120
1751915485.244088 0.272542 -0.080045 1.236790 0.292692 -0.299552 1.098940 0.271131 -0.368755 1.040150
1751915485.354620 0.283044 -0.077866 1.240050 0.318874 -0.314350 1.138100 0.299849 -0.390762 1.088010
1751915485.456107 0.302801 -0.085752 1.251290 0.364852 -0.327946 1.179750 0.353984 -0.410662 1.137920
1751915485.571017 0.323110 -0.094208 1.265400 0.415977 -0.330180 1.207850 0.416944 -0.415833 1.170800
1751915485.671637 0.342149 -0.102759 1.281460 0.467771 -0.324740 1.231100 0.482409 -0.410559 1.197480
1751915485.777697 0.360118 -0.106300 1.296920 0.520583 -0.306212 1.253720 0.550670 -0.389255 1.223590
1751915485.878150 0.373599 -0.107793 1.309880 0.561585 -0.282128 1.267270 0.604040 -0.359944 1.238080
1751915485.982062 0.386977 -0.107768 1.323570 0.603571 -0.241308 1.271360 0.659364 -0.309023 1.239560
1751915486.088331 0.396368 -0.103326 1.331380 0.633855 -0.185669 1.266020 0.701759 -0.238791 1.230290
1751915486.189584 0.402236 -0.096534 1.335360 0.645477 -0.134816 1.253000 0.719532 -0.174723 1.212590
1751915486.291681 0.412044 -0.085182 1.343080 0.653620 -0.076368 1.248200 0.731857 -0.102076 1.204300
1751915486.396905 0.415794 -0.072911 1.342340 0.650340 -0.027650 1.240180 0.730224 -0.041710 1.194020
1751915486.494146 0.416360 -0.065193 1.339260 0.641605 0.003647 1.229500 0.721134 -0.002366 1.181050
1751915486.605097 0.412439 -0.060474 1.331210 0.626523 0.026811 1.212490 0.704299 0.027679 1.160920
1751915486.706224 0.411338 -0.058614 1.328950 0.617536 0.036993 1.202830 0.693480 0.041097 1.148750
1751915486.811755 0.409645 -0.058628 1.327200 0.609266 0.042060 1.194680 0.682647 0.048505 1.137380
1751915486.915359 0.409694 -0.058618 1.328490 0.600832 0.046438 1.187110 0.670306 0.055704 1.125400
1751915487.019253 0.411619 -0.057339 1.332160 0.603143 0.046010 1.189960 0.672095 0.056005 1.127870
1751915487.126498 0.415291 -0.056811 1.336440 0.606544 0.045228 1.192890 0.675187 0.056159 1.130610
1751915487.232958 0.414978 -0.054804 1.334300 0.606214 0.047320 1.190700 0.675425 0.058148 1.129100
1751915487.339900 0.413080 -0.046796 1.329690 0.614448 0.042804 1.191830 0.686355 0.048571 1.132620
1751915487.457499 0.416218 -0.020701 1.329410 0.646450 0.021637 1.216460 0.724864 0.009872 1.167240
1751915487.557927 0.420993 -0.007021 1.333460 0.661800 -0.002278 1.235530 0.740233 -0.026157 1.190900
1751915487.671645 0.419555 -0.002550 1.329600 0.660769 -0.025444 1.235150 0.736633 -0.057528 1.191280
1751915487.772687 0.416645 -0.002553 1.325720 0.655580 -0.036161 1.228700 0.729324 -0.071562 1.183840
1751915487.874771 0.416291 -0.003098 1.325310 0.653924 -0.038907 1.226000 0.727038 -0.074852 1.180490
1751915487.978274 0.416820 -0.005101 1.326220 0.655426 -0.037078 1.227980 0.729138 -0.072007 1.182600
1751915488.086488 0.418247 -0.007170 1.328690 0.658302 -0.035275 1.232840 0.732851 -0.069248 1.188100
1751915488.189476 0.419904 -0.009487 1.331050 0.660728 -0.030421 1.235300 0.736360 -0.061916 1.190650
1751915488.289612 0.423353 -0.013705 1.335160 0.663339 -0.015899 1.235330 0.740456 -0.040975 1.189130
1751915488.404278 0.428146 -0.021735 1.342670 0.660887 0.006889 1.230770 0.737901 -0.007320 1.180000
1751915488.521631 0.427520 -0.031563 1.343780 0.647144 0.029941 1.219300 0.722778 0.028244 1.164710
1751915488.627894 0.424578 -0.037963 1.340710 0.626568 0.045200 1.200080 0.697523 0.053723 1.140060
1751915488.729135 0.418154 -0.042037 1.334700 0.609819 0.050566 1.185560 0.678452 0.062687 1.123490
1751915488.832951 0.417435 -0.044127 1.335500 0.608101 0.048633 1.185080 0.677313 0.061009 1.123710
1751915488.932428 0.417365 -0.044356 1.335590 0.607594 0.049400 1.185210 0.678078 0.061073 1.125100
1751915489.041657 0.414886 -0.041382 1.330940 0.607763 0.053232 1.184510 0.680010 0.062365 1.126100
1751915489.149366 0.410460 -0.035667 1.324720 0.623206 0.038416 1.195080 0.699739 0.038153 1.141670
1751915489.252636 0.417119 -0.034019 1.334230 0.657520 -0.022956 1.236570 0.736741 -0.045542 1.192710
1751915489.372999 0.426355 -0.043330 1.349570 0.669865 -0.106296 1.284920 0.743344 -0.153922 1.252640
1751915489.489942 0.428891 -0.067604 1.360800 0.642435 -0.214312 1.343110 0.699610 -0.286371 1.327360
1751915489.594008 0.420687 -0.102928 1.369170 0.592727 -0.297377 1.381320 0.633273 -0.381298 1.376530
1751915489.705542 0.402702 -0.145388 1.379570 0.530550 -0.370592 1.403910 0.552589 -0.461269 1.405190
1751915489.822505 0.378046 -0.180582 1.386340 0.465810 -0.423662 1.415800 0.472082 -0.516703 1.419510
1751915489.923567 0.344137 -0.213144 1.393320 0.387862 -0.467590 1.424870 0.377440 -0.560225 1.429320
1751915490.030324 0.307300 -0.238156 1.400380 0.312193 -0.496698 1.428260 0.287568 -0.586674 1.431010
1751915490.135227 0.270907 -0.254141 1.404330 0.243694 -0.512031 1.423920 0.208202 -0.598344 1.423640
1751915490.234462 0.230238 -0.263888 1.405710 0.173088 -0.517453 1.413810 0.127994 -0.599027 1.409120
1751915490.340210 0.191157 -0.264179 1.399550 0.113253 -0.512209 1.393290 0.061467 -0.589092 1.382480
1751915490.453995 0.159848 -0.259480 1.393630 0.076089 -0.504662 1.371470 0.021628 -0.578386 1.353910
1751915490.556456 0.135046 -0.252837 1.388380 0.052236 -0.496152 1.349350 -0.002275 -0.567934 1.325160
1751915490.658571 0.119286 -0.246360 1.383050 0.039212 -0.488189 1.331340 -0.014510 -0.558716 1.302190
1751915490.761564 0.106434 -0.239954 1.377800 0.031501 -0.480061 1.312310 -0.020970 -0.549174 1.277960
1751915490.865381 0.098676 -0.235953 1.374800 0.031044 -0.473873 1.295040 -0.019061 -0.542011 1.255590
1751915490.973084 0.094560 -0.233050 1.372100 0.038878 -0.467917 1.275000 -0.006460 -0.535861 1.230650
1751915491.078991 0.097021 -0.231458 1.368210 0.046083 -0.468276 1.273790 0.001484 -0.537195 1.229400
1751915491.191373 0.097799 -0.232666 1.368950 0.047988 -0.470203 1.275640 0.003346 -0.539494 1.231880
1751915491.290046 0.100648 -0.233010 1.367000 0.050619 -0.471835 1.277100 0.005311 -0.541491 1.234650
1751915491.392762 0.111886 -0.234337 1.363200 0.053409 -0.475590 1.285780 0.004507 -0.545566 1.248070
1751915491.493941 0.130096 -0.238860 1.362290 0.059456 -0.480361 1.296680 0.006549 -0.550055 1.264220
1751915491.596518 0.161747 -0.241472 1.355760 0.080811 -0.481311 1.296170 0.023943 -0.550210 1.269180
1751915491.705075 0.199734 -0.234406 1.339580 0.114407 -0.468159 1.264400 0.055649 -0.534012 1.234060
1751915491.822796 0.225289 -0.215288 1.315710 0.151124 -0.437773 1.203970 0.096634 -0.500262 1.161130
1751915491.922832 0.238017 -0.177510 1.280340 0.189037 -0.381526 1.127310 0.144451 -0.440357 1.070210
1751915492.029656 0.241452 -0.139737 1.255390 0.213380 -0.320029 1.070500 0.177859 -0.374362 1.003530
1751915492.139848 0.242627 -0.110534 1.241370 0.222263 -0.272017 1.038770 0.191524 -0.322130 0.966290
1751915492.240999 0.242878 -0.097058 1.236190 0.221580 -0.258122 1.033230 0.189473 -0.308610 0.961615
1751915492.356598 0.236627 -0.089310 1.232750 0.211897 -0.259266 1.037520 0.176007 -0.312619 0.969888
1751915492.462659 0.231820 -0.088443 1.231550 0.205134 -0.259939 1.037970 0.167780 -0.313906 0.971624
1751915492.573184 0.232159 -0.083916 1.229470 0.206555 -0.255017 1.035390 0.170660 -0.309754 0.968874
1751915492.690722 0.234011 -0.080502 1.227990 0.209947 -0.249888 1.032200 0.174929 -0.304388 0.965020
1751915492.790170 0.233778 -0.081853 1.228180 0.208814 -0.251425 1.032660 0.173283 -0.305301 0.965247
1751915492.906836 0.230276 -0.083833 1.228400 0.205038 -0.255751 1.034970 0.169392 -0.310006 0.967927
1751915493.022622 0.226009 -0.085859 1.228530 0.201161 -0.260023 1.037100 0.165435 -0.314791 0.970510
1751915493.123174 0.225117 -0.086520 1.228500 0.199814 -0.260494 1.036960 0.164053 -0.315129 0.970283
1751915493.224110 0.225487 -0.085634 1.228210 0.199726 -0.258094 1.035300 0.164310 -0.312373 0.968209
1751915493.330777 0.225911 -0.084043 1.227800 0.199144 -0.255326 1.034020 0.163335 -0.309558 0.967045
1751915493.431335 0.227320 -0.082712 1.227700 0.199531 -0.255967 1.035830 0.163096 -0.310558 0.969482
1751915493.558147 0.231990 -0.081516 1.228360 0.201261 -0.258073 1.039990 0.163458 -0.313149 0.974825
1751915493.674438 0.233573 -0.081776 1.228820 0.202128 -0.258420 1.040680 0.164133 -0.313347 0.975499
