1751915605.346978 0.331533 -0.097276 1.270390 0.559774 -0.196194 1.195560 0.624085 -0.249220 1.153580
1751915605.451351 0.329356 -0.097077 1.268670 0.554616 -0.181537 1.170300 0.621277 -0.227405 1.123850
1751915605.555977 0.324430 -0.098137 1.266920 0.549695 -0.188983 1.174150 0.617156 -0.235865 1.129870
1751915605.659763 0.325583 -0.100838 1.269310 0.549954 -0.201643 1.184920 0.615850 -0.254065 1.144680
1751915605.763465 0.321365 -0.098561 1.266110 0.546537 -0.209051 1.197600 0.611501 -0.267817 1.165410
1751915605.868601 0.321731 -0.098548 1.266560 0.539438 -0.236482 1.232990 0.599641 -0.305688 1.215790
1751915605.968213 0.324054 -0.105778 1.271560 0.519009 -0.277292 1.279780 0.570752 -0.354953 1.278690
1751915606.068216 0.327376 -0.117403 1.280280 0.487347 -0.315558 1.332770 0.525837 -0.399709 1.344800
1751915606.173148 0.333444 -0.127359 1.289600 0.445355 -0.348232 1.369670 0.466473 -0.436722 1.390490
1751915606.280011 0.334160 -0.140960 1.297610 0.397136 -0.378059 1.384400 0.398963 -0.468521 1.407270
1751915606.384254 0.319228 -0.161377 1.301810 0.340229 -0.408090 1.381580 0.323261 -0.497721 1.401280
1751915606.486199 0.287651 -0.183102 1.302340 0.265942 -0.433976 1.367250 0.231094 -0.519445 1.381050
1751915606.590576 0.242502 -0.209046 1.311030 0.163819 -0.453552 1.350450 0.108789 -0.528772 1.355300
1751915606.692199 0.195530 -0.222812 1.320980 0.078101 -0.453980 1.339950 0.012201 -0.520057 1.339130
1751915606.793934 0.141736 -0.223418 1.331950 0.002953 -0.443091 1.325290 -0.067297 -0.504266 1.319620
1751915606.903487 0.097420 -0.217086 1.344120 -0.045848 -0.429866 1.302020 -0.117775 -0.487786 1.288540
1751915607.007539 0.060751 -0.198332 1.344700 -0.074066 -0.407494 1.269730 -0.143837 -0.465268 1.247280
1751915607.113251 0.037090 -0.177879 1.341100 -0.081621 -0.388122 1.245130 -0.146822 -0.448320 1.216240
1751915607.221030 0.027906 -0.163165 1.335790 -0.068488 -0.373611 1.217000 -0.126469 -0.436941 1.181330
1751915607.324187 0.028359 -0.153759 1.327310 -0.048784 -0.361078 1.191110 -0.098915 -0.426388 1.147160
1751915607.429231 0.030332 -0.151032 1.322600 -0.040618 -0.356482 1.180010 -0.087986 -0.420976 1.131990
1751915607.532770 0.030610 -0.149628 1.320150 -0.043712 -0.357325 1.182510 -0.092713 -0.420963 1.134980
1751915607.637146 0.030524 -0.149303 1.319390 -0.051560 -0.360152 1.191260 -0.102946 -0.423204 1.145510
1751915607.741643 0.037279 -0.156759 1.320600 -0.058693 -0.370508 1.207940 -0.113894 -0.432185 1.164830
1751915607.845461 0.052848 -0.168771 1.319230 -0.056299 -0.384450 1.223460 -0.115353 -0.445029 1.184060
1751915607.947034 0.078817 -0.181039 1.312430 -0.041043 -0.399677 1.238660 -0.104182 -0.460603 1.206860
1751915608.048549 0.106466 -0.186527 1.302010 -0.017594 -0.408775 1.248750 -0.082723 -0.470308 1.222640
1751915608.151023 0.131993 -0.187408 1.292720 0.013582 -0.414423 1.247310 -0.049779 -0.478207 1.222280
1751915608.261222 0.142632 -0.185435 1.287540 0.039766 -0.418073 1.233790 -0.018815 -0.484880 1.205240
1751915608.363568 0.142834 -0.183089 1.285210 0.050890 -0.419369 1.227620 -0.004500 -0.488106 1.197340
1751915608.468778 0.139569 -0.181625 1.284380 0.052024 -0.419912 1.228050 -0.002099 -0.489624 1.197710
1751915608.573298 0.132287 -0.179780 1.284480 0.040910 -0.417529 1.231900 -0.014803 -0.486663 1.203160
1751915608.678565 0.121622 -0.181099 1.289120 0.020003 -0.413687 1.232560 -0.038293 -0.480097 1.202540
1751915608.782490 0.103754 -0.182854 1.297200 -0.006211 -0.409226 1.231770 -0.067108 -0.471713 1.198660
1751915608.882775 0.071661 -0.175573 1.307010 -0.044518 -0.396794 1.235020 -0.108066 -0.453972 1.197580
1751915608.985793 0.044971 -0.160507 1.312680 -0.071057 -0.380553 1.237130 -0.134936 -0.435626 1.197100
1751915609.090192 0.022816 -0.144177 1.319160 -0.086437 -0.363369 1.232130 -0.148693 -0.417718 1.188770
1751915609.193542 0.011112 -0.131628 1.322550 -0.085390 -0.350405 1.220780 -0.143823 -0.404540 1.172150
1751915609.302031 0.014667 -0.116559 1.311100 -0.081503 -0.338160 1.215160 -0.140292 -0.393113 1.167900
1751915609.407258 0.023321 -0.114264 1.304020 -0.081835 -0.341934 1.235800 -0.147214 -0.396756 1.197990
1751915609.511280 0.033726 -0.118421 1.298180 -0.088498 -0.346134 1.271220 -0.161695 -0.397886 1.245200
1751915609.611134 0.049435 -0.130550 1.293360 -0.089437 -0.350086 1.299350 -0.166617 -0.399698 1.282280
1751915609.716729 0.078718 -0.154555 1.291870 -0.055424 -0.374343 1.327720 -0.132692 -0.426207 1.320690
1751915609.820164 0.110204 -0.174545 1.292370 -0.005166 -0.401096 1.346620 -0.078808 -0.458421 1.346040
1751915609.924813 0.158883 -0.180305 1.283350 0.076439 -0.416583 1.353510 0.010698 -0.482686 1.357770
1751915610.028628 0.216511 -0.174180 1.276460 0.186330 -0.417902 1.361310 0.135230 -0.495508 1.370000
1751915610.132862 0.262289 -0.163339 1.278300 0.292804 -0.403203 1.373280 0.261449 -0.490268 1.385370
1751915610.234480 0.298638 -0.146793 1.281520 0.385498 -0.370631 1.380830 0.376816 -0.462561 1.394360
1751915610.338151 0.326001 -0.128903 1.284380 0.465033 -0.324160 1.384850 0.477954 -0.415454 1.399280
1751915610.440852 0.342435 -0.114102 1.285440 0.522196 -0.276533 1.379650 0.552526 -0.363755 1.393150
1751915610.554254 0.346803 -0.104112 1.282400 0.551974 -0.241484 1.363790 0.593548 -0.324338 1.374500
1751915610.657192 0.338626 -0.096258 1.272660 0.563662 -0.211773 1.332820 0.613734 -0.290355 1.338050
1751915610.761751 0.325955 -0.094868 1.264880 0.561866 -0.196362 1.305450 0.616362 -0.272124 1.305790
1751915610.867467 0.312588 -0.093378 1.258160 0.555013 -0.185778 1.274870 0.612896 -0.258739 1.268880
1751915610.971761 0.303972 -0.085878 1.254210 0.548422 -0.172621 1.238650 0.607420 -0.243184 1.222800
1751915611.074805 0.299327 -0.073574 1.247770 0.541070 -0.160169 1.207550 0.598994 -0.229691 1.184700
1751915611.178431 0.299824 -0.072113 1.247700 0.539447 -0.161518 1.201200 0.595532 -0.231801 1.176210
1751915611.278326 0.304967 -0.072412 1.249520 0.538010 -0.176649 1.200420 0.592277 -0.247579 1.173330
1751915611.383226 0.305139 -0.072140 1.248000 0.531098 -0.197126 1.217830 0.582817 -0.271689 1.196030
1751915611.489732 0.311418 -0.078092 1.253180 0.518553 -0.233672 1.232000 0.561648 -0.314307 1.213290
1751915611.590200 0.317230 -0.088629 1.260150 0.485155 -0.282640 1.219110 0.513312 -0.368484 1.195710
1751915611.692425 0.321950 -0.106240 1.268630 0.428070 -0.331571 1.194260 0.432089 -0.418685 1.161030
1751915611.794016 0.314082 -0.121375 1.271080 0.366344 -0.349965 1.158800 0.351544 -0.429807 1.112820
1751915611.898874 0.290235 -0.128281 1.263700 0.295102 -0.339375 1.112070 0.267390 -0.405080 1.051860
1751915612.006355 0.248912 -0.121497 1.247970 0.211818 -0.304611 1.067100 0.175886 -0.354413 0.996850
1751915612.107217 0.216267 -0.108703 1.236580 0.154338 -0.270872 1.042900 0.115651 -0.310571 0.967889
1751915612.209193 0.186925 -0.091261 1.228840 0.107247 -0.237870 1.029430 0.066078 -0.269801 0.952004
1751915612.311503 0.164886 -0.078887 1.225680 0.068825 -0.216986 1.027390 0.023942 -0.244377 0.950287
1751915612.413640 0.146279 -0.060530 1.222330 0.034784 -0.193972 1.028900 -0.013200 -0.217900 0.952595
1751915612.519937 0.137883 -0.039425 1.220790 0.018901 -0.168501 1.029050 -0.027924 -0.191848 0.951776
1751915612.626711 0.134575 -0.034943 1.221980 0.019091 -0.158530 1.024600 -0.025838 -0.184035 0.946885
1751915612.735505 0.138908 -0.033131 1.220500 0.021599 -0.157924 1.024950 -0.022768 -0.183306 0.946875
1751915612.844576 0.140456 -0.031479 1.219510 0.023581 -0.160144 1.026180 -0.020181 -0.186554 0.948097
1751915612.947378 0.141931 -0.034316 1.219180 0.027200 -0.163408 1.024850 -0.015906 -0.190349 0.946589
1751915613.056860 0.145810 -0.038774 1.218880 0.032874 -0.168426 1.023870 -0.009651 -0.197147 0.945921
1751915613.159649 0.148850 -0.041109 1.218600 0.038575 -0.172788 1.023470 -0.003843 -0.202357 0.945783
1751915613.263969 0.151252 -0.042076 1.218210 0.042285 -0.175156 1.023220 -0.000323 -0.205030 0.945752
1751915613.366696 0.150788 -0.041181 1.218340 0.041228 -0.173535 1.023190 -0.001738 -0.203192 0.945839
1751915613.468796 0.149444 -0.041059 1.218600 0.040037 -0.174370 1.024080 -0.002903 -0.204699 0.946970
1751915613.572922 0.147705 -0.041668 1.219040 0.039368 -0.174932 1.023830 -0.003176 -0.205561 0.946622
1751915613.678379 0.147462 -0.042222 1.219010 0.039020 -0.174896 1.023440 -0.005175 -0.205346 0.947093
1751915613.786008 0.147222 -0.042139 1.219300 0.038315 -0.173331 1.023020 -0.005766 -0.202474 0.946099
1751915613.885812 0.149710 -0.041076 1.218740 0.039825 -0.173886 1.024090 -0.006083 -0.203374 0.948382
1751915613.991497 0.151532 -0.042085 1.218970 0.038671 -0.177190 1.027650 -0.007952 -0.207188 0.952578
1751915614.095624 0.152104 -0.043073 1.219070 0.038723 -0.178824 1.028510 -0.008003 -0.209011 0.953582
