1751915686.172755 0.252993 -0.048240 1.226600 0.208489 -0.247150 1.065510 0.179898 -0.310335 1.003060
1751915686.277575 0.293060 -0.072680 1.243260 0.299886 -0.273519 1.078590 0.288088 -0.340988 1.015000
1751915686.377898 0.324981 -0.085186 1.260530 0.387737 -0.278564 1.098690 0.394371 -0.347814 1.036480
1751915686.483652 0.353629 -0.099707 1.284570 0.462155 -0.277157 1.128700 0.485117 -0.344937 1.068800
1751915686.590010 0.374418 -0.116277 1.311790 0.524709 -0.272413 1.168230 0.563718 -0.336442 1.112660
1751915686.692527 0.377004 -0.133294 1.326570 0.563697 -0.271929 1.210140 0.614917 -0.332129 1.160520
1751915686.809380 0.367450 -0.153458 1.334520 0.575050 -0.277971 1.239480 0.632904 -0.334214 1.192580
1751915686.895283 0.357484 -0.169112 1.340670 0.570381 -0.282811 1.244020 0.630881 -0.333018 1.193700
1751915687.004727 0.348017 -0.175601 1.339700 0.557950 -0.284971 1.232290 0.617350 -0.331451 1.177330
1751915687.105917 0.330760 -0.178091 1.328620 0.532907 -0.287062 1.206840 0.591452 -0.326002 1.145470
1751915687.213314 0.314924 -0.179509 1.318530 0.509147 -0.276424 1.175610 0.567938 -0.305422 1.109180
1751915687.320066 0.303772 -0.175046 1.307430 0.495848 -0.262497 1.155680 0.551865 -0.288933 1.085870
1751915687.421078 0.299399 -0.171800 1.302170 0.493465 -0.259027 1.152780 0.548202 -0.287646 1.082820
1751915687.522207 0.299838 -0.171820 1.301800 0.494122 -0.259738 1.153120 0.548420 -0.290007 1.083510
1751915687.624691 0.301817 -0.170275 1.301700 0.498647 -0.262664 1.159250 0.551422 -0.296467 1.090100
1751915687.727906 0.309260 -0.163369 1.300990 0.512972 -0.269839 1.179630 0.567297 -0.310754 1.115720
1751915687.836624 0.321257 -0.156885 1.303660 0.528355 -0.292530 1.224890 0.586224 -0.343861 1.172680
1751915687.936646 0.334640 -0.153353 1.310170 0.528307 -0.322033 1.271590 0.585631 -0.384541 1.232650
1751915688.043259 0.350617 -0.147691 1.317400 0.502773 -0.358172 1.319280 0.549455 -0.435390 1.295400
1751915688.149657 0.356341 -0.147039 1.320900 0.458758 -0.384864 1.343840 0.487640 -0.472316 1.328750
1751915688.254374 0.346839 -0.156566 1.318840 0.389867 -0.411272 1.349040 0.395976 -0.503660 1.337340
1751915688.362082 0.317262 -0.178485 1.314850 0.291004 -0.435943 1.340230 0.271104 -0.526201 1.327300
1751915688.462599 0.270836 -0.198637 1.309300 0.180590 -0.442114 1.321800 0.138184 -0.523258 1.303780
1751915688.564662 0.213938 -0.201654 1.299690 0.076129 -0.422085 1.293720 0.018965 -0.491203 1.267940
1751915688.667100 0.172050 -0.195276 1.295550 0.005835 -0.391877 1.259290 -0.058062 -0.449153 1.222000
1751915688.776974 0.152211 -0.183023 1.288470 -0.030979 -0.348282 1.206670 -0.095651 -0.391665 1.155240
1751915688.881131 0.149314 -0.159774 1.270340 -0.026051 -0.301011 1.140790 -0.082883 -0.334727 1.074890
1751915688.982891 0.159096 -0.138220 1.254160 0.005502 -0.254670 1.080130 -0.040178 -0.281279 1.003220
1751915689.084614 0.172020 -0.120282 1.242690 0.043596 -0.217811 1.039090 0.008166 -0.240217 0.955713
1751915689.189570 0.183612 -0.106284 1.235840 0.075489 -0.198340 1.018230 0.045292 -0.220124 0.932661
1751915689.289835 0.183345 -0.103899 1.235030 0.067584 -0.203978 1.024950 0.035805 -0.226277 0.940086
1751915689.406176 0.197448 -0.111350 1.236900 0.054792 -0.237116 1.059880 0.011121 -0.263629 0.981787
1751915689.509081 0.217394 -0.117248 1.240020 0.058603 -0.270011 1.102180 0.002754 -0.305291 1.036250
1751915689.614608 0.230672 -0.121844 1.243820 0.072301 -0.299233 1.138600 0.011700 -0.344805 1.084190
1751915689.721052 0.227539 -0.128948 1.246840 0.070321 -0.314549 1.154820 0.009302 -0.362477 1.102960
1751915689.822560 0.212347 -0.139902 1.250270 0.050180 -0.315995 1.148750 -0.009859 -0.359958 1.092400
1751915689.927071 0.187017 -0.137561 1.247350 0.019340 -0.296419 1.127960 -0.038694 -0.333590 1.065030
1751915690.030629 0.157354 -0.119003 1.240900 -0.002726 -0.260387 1.092830 -0.051307 -0.291686 1.019550
1751915690.135146 0.139926 -0.094486 1.234700 0.005717 -0.221266 1.052100 -0.028891 -0.247294 0.969436
1751915690.238355 0.147161 -0.081938 1.230220 0.036507 -0.194228 1.023750 0.009737 -0.219269 0.937933
1751915690.345554 0.151940 -0.085059 1.230210 0.049481 -0.191066 1.016100 0.019773 -0.212193 0.930248
1751915690.447206 0.161359 -0.097510 1.233180 0.049290 -0.207650 1.026100 0.015539 -0.226235 0.941129
1751915690.551434 0.186129 -0.123212 1.242230 0.036272 -0.254366 1.075610 -0.013081 -0.273096 0.998655
1751915690.654982 0.174552 -0.154903 1.259920 -0.001061 -0.312952 1.152000 -0.065968 -0.338624 1.090050
1751915690.768321 0.121604 -0.173587 1.282300 -0.060931 -0.347827 1.219500 -0.131984 -0.382994 1.170320
1751915690.866060 0.070416 -0.171999 1.304570 -0.100514 -0.358038 1.243100 -0.167427 -0.402082 1.195220
1751915690.969674 0.040638 -0.169270 1.323750 -0.109023 -0.365721 1.242860 -0.168013 -0.415439 1.190340
1751915691.071308 0.023713 -0.160368 1.332080 -0.098694 -0.361788 1.222920 -0.146898 -0.414915 1.163230
1751915691.177709 0.019996 -0.155866 1.334300 -0.074302 -0.356245 1.198580 -0.111750 -0.410954 1.132900
1751915691.280696 0.023482 -0.153811 1.333720 -0.055728 -0.356428 1.191580 -0.089257 -0.412849 1.125230
1751915691.379501 0.025166 -0.152992 1.333310 -0.059963 -0.358730 1.199140 -0.095176 -0.415462 1.133940
1751915691.482048 0.032000 -0.157931 1.331340 -0.073270 -0.368369 1.221020 -0.117721 -0.424914 1.161550
1751915691.586086 0.042629 -0.161006 1.322530 -0.090278 -0.371046 1.246870 -0.146322 -0.426748 1.197210
1751915691.687232 0.061954 -0.155613 1.299200 -0.100986 -0.355876 1.269610 -0.169995 -0.407713 1.234110
1751915691.791655 0.066405 -0.156619 1.295770 -0.114504 -0.340124 1.261020 -0.186579 -0.387120 1.224880
1751915691.895715 0.078728 -0.149673 1.282520 -0.103249 -0.332776 1.251200 -0.175070 -0.381820 1.217300
1751915692.000043 0.082542 -0.144522 1.278040 -0.101094 -0.327559 1.258200 -0.173462 -0.378543 1.228660
1751915692.108796 0.068861 -0.148699 1.288810 -0.118223 -0.328638 1.273160 -0.191163 -0.379606 1.245020
1751915692.209630 0.046731 -0.148800 1.303270 -0.135710 -0.331842 1.275060 -0.205347 -0.384311 1.241790
1751915692.309629 0.019589 -0.140764 1.318640 -0.136452 -0.336806 1.250470 -0.194217 -0.394163 1.204830
1751915692.413604 0.003611 -0.132087 1.328490 -0.110953 -0.335054 1.214390 -0.150297 -0.396002 1.155680
1751915692.514201 0.008608 -0.128440 1.323830 -0.082971 -0.328805 1.186230 -0.112900 -0.388054 1.120630
1751915692.617823 0.014763 -0.129260 1.321780 -0.071124 -0.329580 1.180210 -0.101125 -0.389094 1.114880
1751915692.725504 0.018118 -0.136683 1.325510 -0.076428 -0.338395 1.191560 -0.112784 -0.395558 1.127370
1751915692.839864 0.038187 -0.153747 1.320880 -0.091426 -0.350454 1.211290 -0.140279 -0.403992 1.152500
1751915692.959783 0.077870 -0.181142 1.315700 -0.105208 -0.354883 1.254290 -0.173726 -0.399357 1.209160
1751915693.066922 0.126059 -0.200060 1.309820 -0.082498 -0.349790 1.268780 -0.158937 -0.385790 1.229150
1751915693.170220 0.183814 -0.196423 1.294820 -0.029061 -0.337443 1.245780 -0.105203 -0.369533 1.202390
1751915693.276034 0.234847 -0.177186 1.283330 0.042815 -0.332704 1.203300 -0.025463 -0.368981 1.151060
1751915693.390335 0.265530 -0.132942 1.260180 0.116469 -0.304410 1.134660 0.062802 -0.347819 1.071800
1751915693.492875 0.256908 -0.100355 1.241460 0.141580 -0.271693 1.084060 0.099656 -0.316819 1.013950
1751915693.593337 0.234773 -0.081649 1.230220 0.139345 -0.240578 1.048290 0.105545 -0.282464 0.972054
1751915693.694407 0.216897 -0.059869 1.221500 0.130157 -0.211252 1.028890 0.099370 -0.249485 0.949519
1751915693.806835 0.213221 -0.049684 1.218120 0.117179 -0.214259 1.041340 0.082834 -0.254720 0.964578
1751915693.908718 0.242387 -0.037934 1.218110 0.128578 -0.237390 1.097320 0.081065 -0.288750 1.035560
1751915694.010309 0.260728 -0.027732 1.221770 0.138746 -0.248473 1.159150 0.083500 -0.307618 1.112680
1751915694.114230 0.267133 -0.036006 1.226680 0.135337 -0.251542 1.165400 0.078915 -0.308022 1.117060
1751915694.213931 0.265467 -0.048024 1.229030 0.128345 -0.251348 1.142900 0.073950 -0.301235 1.085830
1751915694.321359 0.253233 -0.056867 1.227400 0.115520 -0.242304 1.108360 0.064493 -0.283208 1.041780
1751915694.424875 0.226517 -0.064621 1.224960 0.099496 -0.215103 1.056000 0.060748 -0.245978 0.976913
1751915694.524500 0.215641 -0.058925 1.220800 0.113738 -0.197006 1.025900 0.084107 -0.229343 0.943526
1751915694.625764 0.208810 -0.054043 1.218720 0.104426 -0.200943 1.031470 0.070215 -0.237060 0.952515
1751915694.730023 0.218071 -0.056293 1.220310 0.105576 -0.222796 1.055510 0.066419 -0.263519 0.981234
1751915694.836371 0.246250 -0.052211 1.222800 0.136191 -0.254982 1.103580 0.091200 -0.307232 1.040690
1751915694.939849 0.286450 -0.057350 1.236470 0.219018 -0.297770 1.164380 0.184403 -0.369814 1.116210
1751915695.045112 0.318717 -0.068851 1.254280 0.317645 -0.324184 1.205600 0.304564 -0.407450 1.165530
1751915695.149956 0.346392 -0.088487 1.278400 0.411953 -0.336025 1.233820 0.423341 -0.420698 1.196260
1751915695.252142 0.363934 -0.108312 1.300570 0.480559 -0.333096 1.242640 0.510512 -0.411302 1.201450
1751915695.355446 0.370592 -0.128191 1.317950 0.529327 -0.319179 1.241820 0.574344 -0.386873 1.195900
1751915695.458544 0.368511 -0.140616 1.325260 0.550354 -0.302430 1.234390 0.602278 -0.361222 1.183830
1751915695.559063 0.361390 -0.146744 1.324410 0.552408 -0.289799 1.221500 0.606215 -0.342568 1.166460
1751915695.661436 0.353837 -0.149674 1.320930 0.543715 -0.283640 1.204490 0.595951 -0.333160 1.145080
1751915695.763384 0.344394 -0.152124 1.315970 0.529862 -0.277641 1.184000 0.579674 -0.322862 1.119000
1751915695.873534 0.335633 -0.148489 1.306890 0.519821 -0.266292 1.166300 0.569303 -0.308503 1.099370
1751915695.979089 0.328796 -0.143727 1.298620 0.513847 -0.271124 1.167770 0.562464 -0.316871 1.102500
1751915696.080439 0.328536 -0.144979 1.298860 0.511090 -0.285944 1.178850 0.558943 -0.334911 1.115430
1751915696.182428 0.326667 -0.143093 1.295500 0.504540 -0.302368 1.192660 0.550818 -0.357388 1.133160
1751915696.286991 0.324589 -0.139281 1.290780 0.493363 -0.322662 1.217080 0.536567 -0.387590 1.165820
1751915696.393584 0.322801 -0.133957 1.285450 0.470568 -0.344547 1.249130 0.508565 -0.420639 1.210710
1751915696.499135 0.322101 -0.122672 1.277960 0.433660 -0.357229 1.279200 0.462209 -0.443267 1.257100
1751915696.603707 0.323144 -0.117611 1.276160 0.381648 -0.370621 1.285900 0.391832 -0.462002 1.269920
1751915696.705407 0.320927 -0.114730 1.274020 0.331260 -0.374026 1.258100 0.323919 -0.464070 1.234760
1751915696.807650 0.306369 -0.106121 1.262150 0.281434 -0.358096 1.203300 0.259648 -0.441463 1.167490
1751915696.912146 0.269988 -0.103138 1.247380 0.224251 -0.320035 1.112590 0.194289 -0.389877 1.058430
1751915697.016343 0.232864 -0.094688 1.232540 0.170331 -0.261918 1.043630 0.135080 -0.314307 0.974919
1751915697.117389 0.207229 -0.068582 1.221690 0.138156 -0.216089 1.019020 0.101139 -0.262325 0.946902
1751915697.227073 0.193905 -0.043861 1.216530 0.117419 -0.190060 1.015600 0.078748 -0.236270 0.944353
1751915697.327953 0.186710 -0.038707 1.215920 0.104820 -0.188714 1.019990 0.062718 -0.236370 0.951682
1751915697.441318 0.186036 -0.036480 1.216480 0.102892 -0.193990 1.027100 0.058399 -0.244825 0.962717
1751915697.542758 0.183203 -0.033860 1.216560 0.100877 -0.198106 1.032590 0.055871 -0.251637 0.970800
1751915697.642347 0.177762 -0.030751 1.215990 0.096800 -0.196986 1.033200 0.052498 -0.251291 0.971573
1751915697.750143 0.173768 -0.029772 1.215300 0.091914 -0.196820 1.033690 0.047116 -0.250966 0.972286
1751915697.848658 0.169910 -0.028005 1.214980 0.087686 -0.195034 1.033500 0.043170 -0.249486 0.972161
1751915697.961104 0.168348 -0.026862 1.214820 0.085363 -0.192835 1.032680 0.040038 -0.247483 0.972109
1751915698.070085 0.167883 -0.024199 1.214400 0.083869 -0.190579 1.033110 0.038173 -0.245504 0.973074
1751915698.173017 0.168639 -0.021919 1.214020 0.083273 -0.190242 1.035180 0.037098 -0.245516 0.975838
1751915698.271860 0.169596 -0.021537 1.213890 0.082570 -0.191354 1.037290 0.035963 -0.246850 0.978493
