1751915727.300259 0.182442 -0.014604 1.214140 0.068217 -0.186636 1.056210 0.014049 -0.239897 1.002000
1751915727.408206 0.227623 -0.015092 1.217690 0.136720 -0.217108 1.082030 0.088164 -0.281996 1.035750
1751915727.511169 0.313305 -0.026506 1.245790 0.307559 -0.264920 1.143190 0.287406 -0.348929 1.107890
1751915727.612763 0.371900 -0.043722 1.284590 0.461123 -0.273010 1.201130 0.476223 -0.360348 1.171910
1751915727.716480 0.396056 -0.077374 1.315100 0.564438 -0.262926 1.246080 0.612463 -0.336012 1.213500
1751915727.818455 0.389862 -0.127783 1.335550 0.592500 -0.258407 1.238970 0.654342 -0.310032 1.191850
1751915727.922252 0.374312 -0.159020 1.346420 0.581335 -0.256950 1.223770 0.646233 -0.293344 1.167430
1751915728.026494 0.346670 -0.170147 1.332120 0.552144 -0.254022 1.196890 0.616845 -0.281452 1.135480
1751915728.128857 0.328544 -0.172450 1.321320 0.530404 -0.257178 1.181130 0.593109 -0.284256 1.117540
1751915728.238580 0.318176 -0.175473 1.316670 0.517632 -0.259641 1.172710 0.578234 -0.286956 1.107200
1751915728.338109 0.310836 -0.174022 1.311280 0.509249 -0.266700 1.171170 0.567442 -0.296763 1.104690
1751915728.445004 0.313807 -0.167194 1.307980 0.514177 -0.282521 1.189270 0.573034 -0.320120 1.127370
1751915728.562591 0.326561 -0.157103 1.307970 0.519873 -0.313114 1.232050 0.578165 -0.366203 1.182120
1751915728.654467 0.337444 -0.149251 1.308400 0.508031 -0.341537 1.271430 0.561496 -0.408484 1.234420
1751915728.761293 0.341271 -0.139282 1.301430 0.466966 -0.366517 1.305660 0.507322 -0.447617 1.283210
1751915728.866622 0.334960 -0.134842 1.293180 0.412863 -0.381004 1.324320 0.434812 -0.470970 1.312740
1751915728.972773 0.326922 -0.131368 1.284840 0.357668 -0.387577 1.317770 0.356691 -0.480393 1.308090
1751915729.075527 0.320326 -0.125934 1.277820 0.314935 -0.385709 1.285170 0.296880 -0.475720 1.268390
1751915729.176762 0.311167 -0.115878 1.270200 0.284930 -0.372273 1.237080 0.258052 -0.457431 1.209960
1751915729.280453 0.300772 -0.095839 1.256430 0.270517 -0.342155 1.179670 0.243313 -0.422004 1.139750
1751915729.380939 0.285311 -0.076354 1.243180 0.261162 -0.304986 1.122490 0.238950 -0.378166 1.069000
1751915729.485652 0.270480 -0.059594 1.233000 0.253759 -0.265232 1.075300 0.236593 -0.329697 1.010040
1751915729.591633 0.259279 -0.059107 1.228820 0.244799 -0.241800 1.044720 0.230768 -0.297044 0.970825
1751915729.695374 0.248752 -0.060861 1.225610 0.233973 -0.224520 1.024270 0.221288 -0.272760 0.945395
1751915729.793791 0.240228 -0.059450 1.223170 0.221459 -0.216688 1.016990 0.208126 -0.262430 0.936747
1751915729.901377 0.231317 -0.056681 1.221450 0.209362 -0.218152 1.018860 0.194921 -0.263055 0.938337
1751915730.003966 0.234454 -0.051852 1.220850 0.204263 -0.226958 1.031100 0.185129 -0.275360 0.953674
1751915730.105273 0.246517 -0.044485 1.221340 0.205146 -0.244926 1.061240 0.178477 -0.302378 0.992700
1751915730.211092 0.248360 -0.047866 1.222470 0.195582 -0.265347 1.090200 0.163871 -0.328272 1.029000
1751915730.318633 0.242293 -0.057228 1.223610 0.182070 -0.274652 1.094360 0.149421 -0.335530 1.031610
1751915730.414801 0.233716 -0.061874 1.223500 0.177186 -0.268438 1.076190 0.148811 -0.321376 1.004760
1751915730.517402 0.225990 -0.061050 1.222220 0.177713 -0.251203 1.051790 0.152368 -0.294495 0.973098
1751915730.628458 0.218432 -0.058788 1.220610 0.175709 -0.231303 1.030980 0.152829 -0.269927 0.949167
1751915730.734717 0.212675 -0.056359 1.219150 0.176769 -0.227285 1.026600 0.153398 -0.266667 0.945280
1751915730.835460 0.210393 -0.054757 1.218710 0.177162 -0.229956 1.029520 0.152155 -0.271109 0.949578
1751915730.942462 0.215761 -0.050771 1.218840 0.180204 -0.229407 1.033300 0.153843 -0.272935 0.955089
1751915731.043190 0.227592 -0.045412 1.219090 0.187836 -0.228971 1.039310 0.159445 -0.274759 0.963107
1751915731.149554 0.245663 -0.039993 1.220830 0.197585 -0.238153 1.059660 0.164252 -0.289040 0.988892
1751915731.257125 0.262544 -0.039678 1.224350 0.199925 -0.256330 1.095230 0.157573 -0.312983 1.034350
1751915731.357328 0.262716 -0.053929 1.226880 0.166940 -0.272513 1.124100 0.112780 -0.328563 1.072700
1751915731.463300 0.242205 -0.074359 1.227330 0.108513 -0.277872 1.136500 0.043973 -0.327239 1.090600
1751915731.567955 0.209899 -0.085471 1.226950 0.045518 -0.261164 1.128590 -0.024881 -0.302772 1.083620
1751915731.669943 0.182899 -0.083293 1.225610 0.002635 -0.231807 1.111510 -0.069711 -0.267909 1.064910
1751915731.775777 0.165211 -0.066920 1.222420 -0.014821 -0.196648 1.087140 -0.086335 -0.228454 1.036310
1751915731.881007 0.160246 -0.049885 1.220410 -0.008820 -0.165354 1.060480 -0.075325 -0.194542 1.001870
1751915731.986551 0.160742 -0.039312 1.218800 0.007212 -0.140743 1.035400 -0.049420 -0.167053 0.966064
1751915732.094756 0.167096 -0.038761 1.217310 0.023165 -0.134748 1.023390 -0.031167 -0.161105 0.952240
1751915732.194378 0.168448 -0.043949 1.217490 0.029164 -0.139794 1.020100 -0.024710 -0.165849 0.948488
1751915732.297655 0.169358 -0.045709 1.217400 0.031366 -0.140670 1.018640 -0.022333 -0.166207 0.946713
1751915732.410627 0.170645 -0.045723 1.217100 0.031707 -0.140580 1.018990 -0.022674 -0.165025 0.947195
1751915732.536480 0.169902 -0.048563 1.217870 0.033123 -0.142020 1.017510 -0.021958 -0.166174 0.946152
1751915732.641715 0.166251 -0.053396 1.218920 0.029430 -0.146544 1.018410 -0.027006 -0.170469 0.948038
1751915732.743686 0.157596 -0.054754 1.219920 0.024121 -0.148485 1.017440 -0.031866 -0.172620 0.946783
1751915732.859558 0.155100 -0.050950 1.219520 0.024266 -0.147694 1.016740 -0.029977 -0.171528 0.944634
1751915732.965040 0.155443 -0.050109 1.219470 0.021504 -0.148989 1.019770 -0.033251 -0.172747 0.948035
1751915733.064320 0.157970 -0.050182 1.219270 0.016325 -0.153332 1.027190 -0.042653 -0.177029 0.958857
1751915733.169553 0.170144 -0.056067 1.219770 0.013792 -0.171224 1.046950 -0.051853 -0.196724 0.985719
1751915733.274217 0.189952 -0.064435 1.220580 0.020698 -0.204121 1.081310 -0.051542 -0.235479 1.031230
1751915733.374606 0.205194 -0.069393 1.221360 0.037182 -0.237771 1.116560 -0.037490 -0.278020 1.077650
1751915733.477428 0.216148 -0.073547 1.222780 0.066812 -0.275827 1.156850 -0.004852 -0.328973 1.129470
1751915733.583742 0.228588 -0.081632 1.227260 0.117224 -0.313731 1.191200 0.055317 -0.381015 1.172490
1751915733.695156 0.252021 -0.096877 1.237800 0.197374 -0.350463 1.221100 0.152739 -0.431416 1.208370
1751915733.798671 0.281092 -0.108076 1.251640 0.286711 -0.367877 1.245910 0.262025 -0.457370 1.236350
1751915733.903047 0.309364 -0.113010 1.266610 0.374676 -0.364554 1.263510 0.371656 -0.457463 1.255230
1751915734.009974 0.333003 -0.111781 1.279650 0.449441 -0.344182 1.281290 0.464796 -0.435764 1.271970
1751915734.114598 0.352590 -0.115182 1.295860 0.504004 -0.326444 1.298480 0.531766 -0.414363 1.284000
1751915734.220985 0.369945 -0.125593 1.319770 0.544706 -0.316848 1.300700 0.579172 -0.400095 1.276000
1751915734.322071 0.379616 -0.134245 1.336880 0.567725 -0.305140 1.283480 0.606448 -0.381356 1.246040
1751915734.426261 0.376172 -0.142626 1.339070 0.571773 -0.292085 1.256200 0.613196 -0.359471 1.206680
1751915734.526064 0.367792 -0.146010 1.332920 0.565968 -0.279194 1.230480 0.607764 -0.339392 1.172690
1751915734.627122 0.359574 -0.150103 1.328650 0.555216 -0.272222 1.208900 0.596182 -0.326561 1.145050
1751915734.726348 0.353029 -0.153586 1.325850 0.545585 -0.267163 1.193310 0.587421 -0.315748 1.125000
1751915734.830281 0.348197 -0.153038 1.321900 0.542540 -0.263420 1.189100 0.584916 -0.311373 1.121200
1751915734.938506 0.347643 -0.155880 1.324060 0.543170 -0.270687 1.196850 0.586220 -0.318967 1.129580
1751915735.037004 0.346657 -0.157624 1.323870 0.542589 -0.277372 1.201900 0.585866 -0.326554 1.135430
1751915735.142719 0.345215 -0.159897 1.324020 0.539508 -0.285236 1.205140 0.581110 -0.334453 1.137640
1751915735.242338 0.340394 -0.146672 1.309050 0.531158 -0.299288 1.220600 0.574631 -0.354142 1.158800
1751915735.344202 0.341180 -0.137195 1.302890 0.512745 -0.324520 1.248780 0.557126 -0.389237 1.198270
1751915735.447404 0.348309 -0.132274 1.303670 0.477426 -0.356645 1.283000 0.510464 -0.436605 1.248000
1751915735.559517 0.348752 -0.134723 1.305340 0.420331 -0.384272 1.292680 0.432512 -0.473734 1.269060
1751915735.662280 0.340559 -0.142447 1.303990 0.362911 -0.400506 1.281090 0.354034 -0.489743 1.255250
1751915735.771298 0.321312 -0.143779 1.290960 0.298487 -0.399691 1.250410 0.270655 -0.482604 1.217850
1751915735.869593 0.300570 -0.136407 1.274570 0.239797 -0.381520 1.212350 0.197653 -0.454916 1.173020
1751915735.975499 0.281818 -0.119438 1.257520 0.195565 -0.346152 1.163890 0.146558 -0.409324 1.115750
1751915736.078812 0.263784 -0.105657 1.244300 0.160465 -0.307478 1.117220 0.107979 -0.361668 1.062280
1751915736.179740 0.238948 -0.084482 1.230850 0.136091 -0.257034 1.066050 0.084852 -0.303356 1.003300
1751915736.286147 0.225668 -0.069804 1.224730 0.129489 -0.228820 1.043050 0.078830 -0.272846 0.978210
1751915736.387186 0.219894 -0.062829 1.222800 0.125274 -0.217461 1.036550 0.073730 -0.261548 0.972453
1751915736.490660 0.216592 -0.060731 1.222600 0.122586 -0.219428 1.039460 0.070200 -0.265798 0.977694
1751915736.592810 0.213132 -0.054485 1.221510 0.125008 -0.216688 1.038450 0.073536 -0.265657 0.977935
1751915736.694681 0.205738 -0.049240 1.219280 0.123041 -0.213234 1.035280 0.073332 -0.263588 0.974428
1751915736.795626 0.198764 -0.047144 1.217750 0.119505 -0.209924 1.031170 0.070497 -0.260623 0.970037
1751915736.895319 0.191664 -0.045860 1.216810 0.114907 -0.206674 1.027480 0.065919 -0.257130 0.966132
1751915736.996601 0.182228 -0.046230 1.217170 0.106768 -0.203582 1.024480 0.058673 -0.253128 0.961697
