1751915765.642514 0.348170 -0.098922 1.278000 0.492604 -0.292648 1.182610 0.520993 -0.375064 1.149270
1751915765.746377 0.340754 -0.117581 1.285160 0.521433 -0.290747 1.214370 0.566177 -0.365453 1.180810
1751915765.855630 0.338103 -0.143396 1.301600 0.533830 -0.294703 1.222070 0.584934 -0.357491 1.175640
1751915765.955502 0.327716 -0.155818 1.303320 0.528792 -0.276917 1.192130 0.583964 -0.326035 1.135090
1751915766.059078 0.311357 -0.154589 1.292540 0.510605 -0.256922 1.160870 0.563459 -0.296541 1.094900
1751915766.165427 0.305381 -0.151003 1.287200 0.499612 -0.247466 1.143990 0.550965 -0.283701 1.075000
1751915766.279613 0.300686 -0.148205 1.283720 0.496506 -0.250603 1.146750 0.546923 -0.288810 1.078130
1751915766.389568 0.301215 -0.149699 1.285000 0.498909 -0.256702 1.154370 0.548944 -0.297076 1.086700
1751915766.485651 0.305199 -0.144140 1.283090 0.507179 -0.258314 1.165820 0.558901 -0.301898 1.101520
1751915766.597314 0.313702 -0.137323 1.283840 0.520977 -0.265591 1.193540 0.574838 -0.315772 1.136180
1751915766.712293 0.323699 -0.133571 1.287370 0.530471 -0.283044 1.237850 0.585267 -0.342621 1.191000
1751915766.819611 0.327249 -0.126948 1.284270 0.522153 -0.298546 1.274900 0.574768 -0.367646 1.240770
1751915766.927855 0.326937 -0.117334 1.278830 0.497007 -0.312697 1.300350 0.541402 -0.391618 1.277760
1751915767.033126 0.334176 -0.101516 1.275410 0.470068 -0.321001 1.306950 0.499043 -0.408085 1.290030
1751915767.139446 0.336694 -0.087042 1.269780 0.444262 -0.321985 1.299110 0.460043 -0.412220 1.281270
1751915767.246511 0.335655 -0.073575 1.263360 0.415302 -0.320630 1.278150 0.419321 -0.410751 1.254240
1751915767.360845 0.331058 -0.055148 1.258050 0.392533 -0.306679 1.235800 0.388386 -0.392682 1.199800
1751915767.496679 0.324387 -0.037464 1.251460 0.373300 -0.282287 1.180010 0.364898 -0.359552 1.128300
1751915767.579386 0.307513 -0.032807 1.242260 0.341605 -0.255744 1.113640 0.331571 -0.319771 1.046490
1751915767.709298 0.290807 -0.032137 1.233990 0.315880 -0.236272 1.075290 0.306210 -0.292462 1.001400
1751915767.797903 0.275050 -0.038338 1.229230 0.282162 -0.224320 1.047800 0.270387 -0.272950 0.969071
1751915767.907460 0.263816 -0.033450 1.224630 0.261340 -0.214727 1.038280 0.248423 -0.262098 0.958921
1751915768.013983 0.258800 -0.026048 1.222570 0.250148 -0.209941 1.038980 0.236240 -0.256725 0.959436
1751915768.132118 0.269522 -0.016710 1.224790 0.251858 -0.210186 1.052040 0.233170 -0.261889 0.976630
1751915768.229310 0.280484 -0.014584 1.228160 0.253549 -0.212390 1.061560 0.230783 -0.268068 0.990210
1751915768.330830 0.281111 -0.016506 1.228260 0.251872 -0.213734 1.061360 0.228330 -0.267926 0.989124
1751915768.445719 0.272415 -0.027025 1.226810 0.243836 -0.212308 1.046720 0.222905 -0.259632 0.969061
1751915768.547071 0.265934 -0.032885 1.225560 0.238886 -0.205030 1.032690 0.220740 -0.246766 0.951219
1751915768.677799 0.258779 -0.032354 1.223180 0.236050 -0.194012 1.020870 0.220782 -0.232965 0.937448
1751915768.802167 0.251535 -0.030639 1.220810 0.231658 -0.191153 1.017270 0.216286 -0.229765 0.933714
1751915768.888224 0.248349 -0.032889 1.220500 0.228852 -0.194798 1.018020 0.213460 -0.234712 0.935080
1751915768.992199 0.242404 -0.038140 1.220140 0.226540 -0.204844 1.021260 0.211318 -0.249952 0.940995
1751915769.097493 0.250551 -0.044370 1.223130 0.237993 -0.224892 1.036510 0.221369 -0.274509 0.959239
1751915769.204382 0.275418 -0.040582 1.228880 0.267782 -0.248811 1.073540 0.248283 -0.307822 1.003920
1751915769.312486 0.299065 -0.045840 1.238620 0.314220 -0.276681 1.120070 0.298615 -0.344849 1.058270
1751915769.414765 0.313727 -0.058123 1.247020 0.361816 -0.299634 1.163000 0.355331 -0.376966 1.111860
1751915769.534582 0.329017 -0.077431 1.259930 0.413354 -0.318231 1.209780 0.419500 -0.401673 1.168400
1751915769.624583 0.344397 -0.095024 1.277110 0.463512 -0.324420 1.248510 0.484272 -0.408664 1.214130
1751915769.772882 0.357990 -0.109124 1.294930 0.510201 -0.318857 1.273530 0.545805 -0.399178 1.242000
1751915769.845375 0.364556 -0.120790 1.308120 0.541034 -0.309481 1.279670 0.587217 -0.383034 1.245510
1751915769.957842 0.367496 -0.133824 1.319900 0.566411 -0.294786 1.274800 0.620612 -0.359434 1.234900
1751915770.057381 0.361820 -0.142259 1.321160 0.573765 -0.275915 1.252690 0.631776 -0.331196 1.204800
1751915770.161544 0.353430 -0.145936 1.317150 0.569059 -0.255949 1.222930 0.627508 -0.302789 1.167250
1751915770.265288 0.346211 -0.145057 1.310880 0.557712 -0.242863 1.195900 0.614497 -0.284274 1.134500
1751915770.379761 0.341217 -0.140555 1.304090 0.546825 -0.233942 1.175390 0.602199 -0.273213 1.111350
1751915770.486426 0.338235 -0.136784 1.299780 0.542768 -0.236891 1.174320 0.597516 -0.278082 1.110950
1751915770.594938 0.337884 -0.138468 1.300280 0.541726 -0.244258 1.178300 0.595730 -0.286467 1.115040
1751915770.705587 0.335377 -0.139309 1.298590 0.541455 -0.252509 1.187580 0.595636 -0.297071 1.126030
1751915770.811791 0.335424 -0.143277 1.300950 0.541998 -0.260369 1.195000 0.596410 -0.306174 1.134580
1751915770.922498 0.334498 -0.144089 1.300270 0.541853 -0.264596 1.199830 0.596276 -0.312246 1.140860
1751915771.012700 0.334822 -0.136206 1.294600 0.543808 -0.270000 1.217290 0.596894 -0.324971 1.163720
1751915771.123428 0.332764 -0.130777 1.289610 0.539724 -0.281142 1.243590 0.593032 -0.343036 1.198460
1751915771.226935 0.331571 -0.132242 1.290300 0.525903 -0.303572 1.268610 0.577006 -0.372326 1.231580
1751915771.334286 0.331901 -0.138065 1.294870 0.509744 -0.326898 1.277530 0.556388 -0.400347 1.243700
1751915771.443813 0.331709 -0.143778 1.298900 0.484371 -0.353564 1.282100 0.523075 -0.432955 1.251950
1751915771.545306 0.331566 -0.147899 1.301760 0.457689 -0.374176 1.279330 0.487266 -0.458145 1.251300
1751915771.647470 0.330477 -0.152350 1.303830 0.422211 -0.392987 1.267930 0.438584 -0.479821 1.237910
1751915771.755562 0.324949 -0.158113 1.303430 0.382011 -0.404046 1.241200 0.380625 -0.489832 1.204500
1751915771.862790 0.312827 -0.155168 1.293020 0.335175 -0.395051 1.195240 0.320076 -0.475742 1.150840
1751915771.970479 0.293635 -0.151222 1.280900 0.290136 -0.375584 1.149610 0.266772 -0.448890 1.096790
1751915772.067888 0.277933 -0.141162 1.268200 0.256304 -0.350514 1.115600 0.228963 -0.416763 1.055830
1751915772.172678 0.266821 -0.131620 1.258620 0.232021 -0.327809 1.091600 0.201722 -0.388144 1.027170
1751915772.277015 0.255521 -0.120567 1.249150 0.210957 -0.302114 1.068470 0.178556 -0.356525 0.999920
1751915772.394290 0.246888 -0.109132 1.240890 0.190927 -0.273744 1.047590 0.155402 -0.322196 0.976177
1751915772.502926 0.241430 -0.103919 1.237170 0.174944 -0.253728 1.035340 0.135541 -0.297647 0.963040
1751915772.606111 0.234467 -0.097480 1.233930 0.165141 -0.239802 1.027700 0.124132 -0.282246 0.955407
1751915772.710242 0.228011 -0.090108 1.230550 0.157097 -0.230949 1.023820 0.116024 -0.274113 0.951997
1751915772.819159 0.224234 -0.083028 1.227420 0.150791 -0.226858 1.023630 0.108362 -0.270407 0.952830
1751915772.928847 0.218572 -0.076175 1.224640 0.141188 -0.223819 1.025070 0.095943 -0.268443 0.956732
1751915773.044925 0.208809 -0.072485 1.223190 0.134302 -0.215245 1.019100 0.088526 -0.259858 0.951107
1751915773.140279 0.204700 -0.067754 1.222000 0.131421 -0.207927 1.015660 0.084576 -0.252464 0.948344
1751915773.242295 0.201444 -0.062524 1.220660 0.127087 -0.204886 1.016210 0.079859 -0.249491 0.949208
1751915773.345739 0.198376 -0.058975 1.219450 0.123741 -0.201248 1.015030 0.076483 -0.245523 0.947834
1751915773.449651 0.196845 -0.057151 1.218630 0.121078 -0.199039 1.014300 0.073159 -0.242413 0.947038
1751915773.554369 0.197134 -0.055622 1.218000 0.120022 -0.197430 1.014240 0.071522 -0.240641 0.947235
1751915773.660969 0.197182 -0.053633 1.217760 0.119230 -0.195550 1.014300 0.070463 -0.238706 0.947453
1751915773.769415 0.197635 -0.052279 1.217540 0.119116 -0.193744 1.014010 0.069910 -0.236782 0.947412
1751915773.868522 0.197161 -0.051625 1.217500 0.118451 -0.191536 1.012970 0.068928 -0.234111 0.946300
1751915773.972983 0.196965 -0.051440 1.217460 0.118283 -0.190716 1.012490 0.068728 -0.233118 0.945743
