1751915801.045895 0.132014 -0.138660 1.255470 0.046160 -0.379530 1.208400 -0.010072 -0.449009 1.181560
1751915801.148664 0.101872 -0.155806 1.275750 0.005205 -0.395486 1.246000 -0.054106 -0.463915 1.224230
1751915801.252525 0.071131 -0.161642 1.295870 -0.029110 -0.399258 1.263020 -0.089335 -0.465594 1.236910
1751915801.373623 0.054793 -0.168281 1.314410 -0.045500 -0.402530 1.263270 -0.103336 -0.467885 1.230210
1751915801.486745 0.048800 -0.174893 1.327220 -0.049939 -0.405112 1.257900 -0.103073 -0.470374 1.217630
1751915801.587177 0.049095 -0.178127 1.330370 -0.042672 -0.406226 1.246020 -0.091176 -0.472305 1.201400
1751915801.690566 0.051723 -0.176360 1.326470 -0.041918 -0.404632 1.244460 -0.091748 -0.470155 1.200490
1751915801.806666 0.055174 -0.177308 1.325500 -0.044492 -0.406439 1.253640 -0.098221 -0.470855 1.212730
1751915801.921653 0.072174 -0.184512 1.322150 -0.038557 -0.415804 1.279500 -0.098082 -0.480099 1.247370
1751915802.039074 0.100059 -0.201869 1.325130 -0.020358 -0.432268 1.324560 -0.084322 -0.497748 1.306380
1751915802.141346 0.135357 -0.217216 1.329740 0.026605 -0.450918 1.362920 -0.035625 -0.520239 1.357300
1751915802.248915 0.183224 -0.225318 1.330700 0.111298 -0.467755 1.390040 0.057739 -0.544061 1.394340
1751915802.352381 0.237286 -0.218632 1.326790 0.224745 -0.467102 1.401080 0.187872 -0.552234 1.411200
1751915802.457313 0.287157 -0.197254 1.319930 0.346248 -0.437448 1.398810 0.333077 -0.529038 1.410900
1751915802.563895 0.324781 -0.172888 1.316850 0.454610 -0.384151 1.394090 0.468414 -0.475745 1.405480
1751915802.671661 0.345210 -0.153202 1.310000 0.535681 -0.317738 1.378700 0.574979 -0.402134 1.385200
1751915802.778038 0.353168 -0.143501 1.312340 0.574337 -0.271848 1.359260 0.627978 -0.348217 1.359650
1751915802.880814 0.351121 -0.136342 1.304910 0.589598 -0.235723 1.334200 0.651453 -0.305367 1.328420
1751915802.987583 0.337371 -0.131560 1.292050 0.586002 -0.206491 1.304540 0.652091 -0.271387 1.293110
1751915803.091964 0.316994 -0.126979 1.278030 0.570589 -0.182772 1.266610 0.638232 -0.244956 1.250260
1751915803.204001 0.297348 -0.120940 1.265000 0.549705 -0.170773 1.228510 0.616592 -0.232099 1.206720
1751915803.324410 0.287817 -0.113331 1.258880 0.534919 -0.159100 1.192710 0.599295 -0.219272 1.161980
1751915803.424074 0.283211 -0.107551 1.254050 0.525049 -0.149309 1.168480 0.587795 -0.207536 1.131300
1751915803.537048 0.282487 -0.102739 1.250900 0.522370 -0.142744 1.159110 0.583889 -0.200332 1.119000
1751915803.656550 0.285309 -0.099661 1.249760 0.526949 -0.141651 1.163480 0.588444 -0.200075 1.124500
1751915803.759307 0.286540 -0.099221 1.249730 0.529944 -0.143527 1.169800 0.592195 -0.202098 1.132330
1751915803.860716 0.289887 -0.096660 1.249780 0.534735 -0.148336 1.179300 0.596716 -0.208276 1.143500
1751915803.971565 0.295600 -0.092761 1.250440 0.540739 -0.156451 1.191810 0.602416 -0.217790 1.158000
1751915804.076261 0.300068 -0.091712 1.251670 0.546356 -0.164531 1.211300 0.608150 -0.228147 1.182250
1751915804.182641 0.305404 -0.095116 1.255170 0.552671 -0.172547 1.233640 0.614791 -0.238414 1.211000
1751915804.292750 0.311512 -0.102066 1.263090 0.556113 -0.187600 1.242330 0.616697 -0.254240 1.217870
1751915804.393304 0.328608 -0.112871 1.279330 0.560937 -0.214217 1.222270 0.616468 -0.277258 1.181600
1751915804.495394 0.342483 -0.126998 1.293750 0.563509 -0.238508 1.214520 0.616740 -0.296159 1.163990
1751915804.622530 0.343752 -0.148718 1.307870 0.551726 -0.254653 1.193670 0.604100 -0.302668 1.133100
1751915804.722892 0.339499 -0.155857 1.310950 0.542401 -0.245173 1.175350 0.595920 -0.285989 1.110700
1751915804.825961 0.335151 -0.150641 1.305070 0.534483 -0.235333 1.161320 0.587925 -0.274324 1.095490
1751915804.942763 0.338149 -0.146341 1.305150 0.530894 -0.232191 1.153260 0.585038 -0.270988 1.087900
1751915805.043083 0.341000 -0.144568 1.306800 0.535119 -0.231625 1.157420 0.589326 -0.272448 1.093350
1751915805.145682 0.344260 -0.143761 1.309360 0.542830 -0.238013 1.170400 0.597561 -0.282135 1.109000
1751915805.257122 0.354724 -0.143112 1.318220 0.556468 -0.248694 1.192690 0.612204 -0.297208 1.135690
1751915805.356977 0.365236 -0.138922 1.324500 0.569673 -0.257021 1.215630 0.625904 -0.310702 1.163990
1751915805.461215 0.376267 -0.134585 1.332600 0.580013 -0.267350 1.240580 0.636866 -0.325819 1.195210
1751915805.567107 0.386523 -0.130682 1.341550 0.582969 -0.284568 1.268500 0.637562 -0.349904 1.230340
1751915805.669695 0.392076 -0.130137 1.348100 0.572196 -0.309531 1.293680 0.620722 -0.383008 1.262760
1751915805.772264 0.392847 -0.135368 1.352840 0.545123 -0.342090 1.311890 0.583313 -0.423299 1.286270
1751915805.874128 0.387566 -0.148799 1.357960 0.506957 -0.377291 1.324180 0.532802 -0.464028 1.301410
1751915806.006654 0.363945 -0.179376 1.361250 0.427106 -0.430045 1.332920 0.431918 -0.521091 1.312980
1751915806.109879 0.326578 -0.204131 1.354000 0.345288 -0.462407 1.329990 0.333705 -0.553152 1.311520
1751915806.221760 0.268953 -0.225203 1.343830 0.237349 -0.482396 1.321590 0.208698 -0.569101 1.302330
1751915806.322241 0.214982 -0.231699 1.336240 0.148936 -0.481421 1.305920 0.109189 -0.562649 1.282850
1751915806.426926 0.155521 -0.226517 1.331570 0.058775 -0.462083 1.278860 0.009827 -0.535220 1.247800
1751915806.537661 0.112543 -0.215540 1.331870 0.005917 -0.437531 1.248550 -0.044837 -0.504275 1.207570
1751915806.641548 0.085458 -0.199731 1.327550 -0.014323 -0.412260 1.216070 -0.061441 -0.476036 1.166850
1751915806.749689 0.073199 -0.185589 1.320840 -0.016914 -0.391873 1.190950 -0.060425 -0.453499 1.136010
1751915806.855698 0.066273 -0.178427 1.319240 -0.009424 -0.377163 1.169860 -0.047240 -0.438121 1.110160
1751915806.972618 0.059765 -0.178780 1.325650 -0.010955 -0.376992 1.173060 -0.045669 -0.440235 1.113850
1751915807.080484 0.051948 -0.180873 1.332900 -0.019472 -0.381513 1.183830 -0.052875 -0.446701 1.126000
1751915807.182487 0.049557 -0.181610 1.334570 -0.023826 -0.386475 1.192260 -0.057303 -0.451756 1.134580
1751915807.289857 0.051035 -0.183595 1.334760 -0.026173 -0.392142 1.200020 -0.061262 -0.457372 1.143250
1751915807.405626 0.054215 -0.185695 1.333900 -0.028993 -0.396857 1.207000 -0.066919 -0.461396 1.151290
1751915807.507688 0.063083 -0.187268 1.329710 -0.028160 -0.401458 1.213900 -0.069875 -0.465603 1.160530
1751915807.609213 0.082164 -0.193156 1.323620 -0.017374 -0.409706 1.219680 -0.064266 -0.473582 1.170380
1751915807.712321 0.113383 -0.202474 1.316500 0.016692 -0.421590 1.215340 -0.032277 -0.485390 1.168000
1751915807.818560 0.154011 -0.204083 1.304720 0.066001 -0.424994 1.199630 0.015819 -0.488556 1.153250
1751915807.938517 0.198943 -0.193509 1.290270 0.121133 -0.406746 1.163650 0.070329 -0.467478 1.114250
1751915808.050230 0.220918 -0.175224 1.276100 0.148554 -0.367289 1.116780 0.100642 -0.420968 1.057300
1751915808.155317 0.224922 -0.150836 1.259060 0.160038 -0.316826 1.069980 0.118883 -0.361960 0.999421
1751915808.257862 0.219182 -0.124191 1.243450 0.159617 -0.269542 1.036370 0.124241 -0.307994 0.959050
1751915808.373705 0.210594 -0.101398 1.232860 0.151302 -0.232974 1.016630 0.118259 -0.267155 0.936322
1751915808.477061 0.200862 -0.088948 1.227770 0.142462 -0.209589 1.005010 0.110855 -0.241626 0.923258
1751915808.590060 0.197532 -0.081392 1.225010 0.138988 -0.197745 0.999998 0.107724 -0.229240 0.917899
1751915808.689556 0.196493 -0.076824 1.223590 0.136297 -0.192495 0.998653 0.104299 -0.223328 0.916585
1751915808.791265 0.195577 -0.076949 1.223720 0.132890 -0.194533 1.000450 0.099302 -0.225138 0.918941
1751915808.892890 0.194939 -0.077685 1.223840 0.130018 -0.197883 1.002600 0.096026 -0.228537 0.921272
1751915809.001074 0.193504 -0.078530 1.223890 0.128450 -0.199156 1.002940 0.094979 -0.230101 0.921510
1751915809.106104 0.194034 -0.079410 1.223950 0.129316 -0.201370 1.003600 0.096267 -0.232464 0.922079
1751915809.206051 0.194149 -0.080946 1.224000 0.129607 -0.203081 1.003980 0.096341 -0.233648 0.922325
1751915809.309086 0.194212 -0.081402 1.224460 0.128633 -0.204914 1.005230 0.095025 -0.235885 0.923864
1751915809.423123 0.192493 -0.081145 1.224410 0.126855 -0.206524 1.006290 0.092635 -0.237774 0.925292
1751915809.524716 0.191202 -0.081914 1.224690 0.126482 -0.206123 1.005630 0.092257 -0.237118 0.924532
1751915809.627380 0.190192 -0.081392 1.224570 0.125434 -0.205722 1.005590 0.092150 -0.236302 0.923943
1751915809.738658 0.189223 -0.081128 1.224510 0.123655 -0.207297 1.006810 0.087810 -0.239243 0.926790
1751915809.842417 0.189334 -0.082148 1.224960 0.122380 -0.211044 1.009290 0.085796 -0.243664 0.929881
1751915809.958469 0.188880 -0.082848 1.225170 0.121635 -0.212272 1.009910 0.085265 -0.244855 0.930384
