1751915835.844266 0.173737 -0.101794 1.232190 0.047692 -0.321096 1.171500 -0.020360 -0.378915 1.144400
1751915835.950110 0.141364 -0.128635 1.248590 0.022476 -0.353190 1.193320 -0.041440 -0.414366 1.163620
1751915836.053505 0.109727 -0.149847 1.270000 0.005056 -0.375001 1.193380 -0.051070 -0.437916 1.153360
1751915836.164059 0.089883 -0.172995 1.296390 0.001024 -0.388964 1.182590 -0.045349 -0.451147 1.130700
1751915836.270556 0.087810 -0.182943 1.307400 0.008896 -0.391561 1.173970 -0.034632 -0.451858 1.117580
1751915836.371177 0.089979 -0.181215 1.305600 0.010478 -0.391210 1.174550 -0.036345 -0.450919 1.120220
1751915836.476441 0.087130 -0.178553 1.304820 0.012330 -0.390478 1.174080 -0.034972 -0.452846 1.123260
1751915836.588316 0.088536 -0.179971 1.305860 0.012874 -0.394572 1.180070 -0.037339 -0.457678 1.133100
1751915836.689241 0.096770 -0.181502 1.304400 0.012346 -0.404793 1.201400 -0.042564 -0.469339 1.162300
1751915836.789589 0.118305 -0.191670 1.305970 0.023824 -0.423132 1.234650 -0.035010 -0.489321 1.205200
1751915836.893759 0.161826 -0.205627 1.308980 0.061600 -0.442453 1.270600 0.000902 -0.510149 1.249600
1751915836.995414 0.226975 -0.208758 1.312660 0.129266 -0.449113 1.295640 0.069077 -0.518190 1.277890
1751915837.103388 0.295656 -0.188303 1.316060 0.212812 -0.434444 1.304450 0.155802 -0.505802 1.285280
1751915837.209581 0.343620 -0.153834 1.317430 0.287386 -0.406600 1.294930 0.237351 -0.482153 1.272620
1751915837.318178 0.368199 -0.119781 1.312800 0.332456 -0.376440 1.291700 0.289476 -0.456263 1.269630
1751915837.421449 0.378076 -0.095005 1.307090 0.348278 -0.352592 1.287720 0.308561 -0.434116 1.265600
1751915837.525295 0.379117 -0.083807 1.302770 0.346025 -0.340297 1.275850 0.305794 -0.420830 1.251200
1751915837.626141 0.372999 -0.081028 1.296920 0.334646 -0.334687 1.254930 0.293404 -0.413174 1.225800
1751915837.734962 0.365320 -0.083061 1.292510 0.321428 -0.330919 1.227670 0.280086 -0.406215 1.191190
1751915837.835983 0.363450 -0.077446 1.287840 0.316739 -0.323728 1.218890 0.274760 -0.396931 1.179030
1751915837.941960 0.363461 -0.073872 1.286170 0.312722 -0.318634 1.214660 0.268816 -0.390418 1.174300
1751915838.044418 0.363048 -0.071782 1.285560 0.309443 -0.313126 1.205160 0.265324 -0.384225 1.163830
1751915838.148957 0.363305 -0.065519 1.283000 0.310180 -0.306302 1.200500 0.265566 -0.377039 1.159080
1751915838.251943 0.359625 -0.065649 1.279400 0.294655 -0.305710 1.203500 0.244354 -0.373106 1.163120
1751915838.352221 0.354063 -0.068791 1.276400 0.277336 -0.306353 1.203700 0.223258 -0.370182 1.162350
1751915838.457003 0.347371 -0.076385 1.274490 0.259575 -0.310379 1.202740 0.202627 -0.371937 1.161780
1751915838.568351 0.338789 -0.083881 1.270820 0.239840 -0.315702 1.206900 0.180067 -0.375547 1.167460
1751915838.673553 0.329846 -0.088541 1.267400 0.224972 -0.319728 1.211100 0.165465 -0.379785 1.171600
1751915838.775449 0.322465 -0.092128 1.263950 0.212154 -0.321868 1.212330 0.153119 -0.381702 1.171780
1751915838.896833 0.314186 -0.094873 1.261000 0.203095 -0.324847 1.212210 0.144757 -0.387648 1.175300
1751915838.998103 0.310049 -0.095536 1.259250 0.209228 -0.330763 1.213370 0.153425 -0.397282 1.179150
1751915839.106401 0.307860 -0.098013 1.259240 0.219255 -0.339114 1.219000 0.166514 -0.409557 1.187920
1751915839.209001 0.308994 -0.101566 1.260670 0.230877 -0.348640 1.239180 0.180283 -0.423336 1.215300
1751915839.309085 0.311996 -0.106175 1.264000 0.243099 -0.356701 1.273090 0.194807 -0.435419 1.259640
1751915839.418362 0.314279 -0.109185 1.268420 0.266290 -0.361824 1.306180 0.223824 -0.444897 1.303880
1751915839.518288 0.322981 -0.110062 1.273100 0.305769 -0.362214 1.333580 0.273239 -0.449412 1.340500
1751915839.624149 0.343402 -0.108045 1.284490 0.365372 -0.358635 1.349510 0.345820 -0.449442 1.358540
1751915839.725558 0.368428 -0.098251 1.298200 0.440654 -0.342465 1.349730 0.436808 -0.435630 1.353600
1751915839.827450 0.384799 -0.087140 1.308400 0.507359 -0.314926 1.334030 0.522408 -0.406882 1.328000
1751915839.934887 0.392805 -0.082921 1.316490 0.550217 -0.289650 1.309300 0.580990 -0.376272 1.293200
1751915840.048048 0.395290 -0.095003 1.326780 0.574962 -0.274133 1.271530 0.617224 -0.351752 1.241550
1751915840.152279 0.390393 -0.109458 1.329730 0.575069 -0.266145 1.235660 0.621296 -0.336348 1.195110
1751915840.255713 0.380789 -0.118444 1.325680 0.561155 -0.270805 1.217000 0.606273 -0.338918 1.171900
1751915840.367981 0.368098 -0.127576 1.319190 0.540884 -0.277030 1.195100 0.583534 -0.342615 1.144270
1751915840.468028 0.360591 -0.128819 1.313300 0.526924 -0.282169 1.185190 0.566867 -0.347258 1.131550
1751915840.568983 0.358710 -0.122093 1.306810 0.524865 -0.281416 1.185950 0.562805 -0.348037 1.132730
1751915840.673333 0.362109 -0.112734 1.303510 0.529962 -0.280979 1.198020 0.566511 -0.350472 1.147500
1751915840.780617 0.365222 -0.103167 1.300050 0.538304 -0.277153 1.214090 0.576326 -0.349479 1.169000
1751915840.900614 0.366654 -0.097635 1.297730 0.544550 -0.275200 1.231030 0.584193 -0.349829 1.191420
1751915841.004036 0.368915 -0.097944 1.299620 0.544983 -0.277044 1.232340 0.584100 -0.351142 1.191240
1751915841.103561 0.367038 -0.100376 1.299000 0.539367 -0.276125 1.215440 0.576873 -0.347532 1.168500
1751915841.208139 0.363892 -0.101124 1.296690 0.533705 -0.270986 1.197270 0.572295 -0.339236 1.146650
1751915841.311777 0.361018 -0.099904 1.294020 0.531398 -0.264583 1.187000 0.572156 -0.331870 1.136800
1751915841.418547 0.361264 -0.102628 1.295870 0.532248 -0.259260 1.178360 0.573526 -0.325893 1.127710
1751915841.519562 0.359396 -0.106542 1.296300 0.530092 -0.256786 1.170310 0.571725 -0.322480 1.118720
1751915841.623776 0.358115 -0.107658 1.296010 0.530488 -0.256294 1.170350 0.572933 -0.323605 1.121590
1751915841.726414 0.360390 -0.100420 1.294840 0.537513 -0.257670 1.187650 0.580711 -0.329104 1.145930
1751915841.831279 0.367269 -0.090400 1.296780 0.541782 -0.269457 1.225750 0.582837 -0.348141 1.196880
1751915841.933637 0.378062 -0.087379 1.305000 0.525127 -0.299933 1.280010 0.556261 -0.387118 1.268210
1751915842.041811 0.380482 -0.104648 1.316290 0.466633 -0.349045 1.333930 0.475700 -0.441817 1.338490
1751915842.153131 0.361020 -0.152439 1.328080 0.351458 -0.408988 1.369280 0.326754 -0.497996 1.382590
1751915842.259446 0.312320 -0.202551 1.335990 0.220161 -0.442515 1.376380 0.168234 -0.518944 1.389490
1751915842.358297 0.244544 -0.230292 1.336890 0.098587 -0.443484 1.367510 0.030493 -0.506627 1.376770
1751915842.463654 0.185892 -0.232766 1.333630 0.015288 -0.428475 1.349240 -0.059621 -0.484054 1.352270
1751915842.568377 0.126547 -0.222346 1.334890 -0.054018 -0.408946 1.321830 -0.131435 -0.460260 1.312700
1751915842.668147 0.092372 -0.206770 1.333260 -0.078303 -0.397032 1.286210 -0.152832 -0.448512 1.263740
1751915842.772526 0.071817 -0.190757 1.328130 -0.079997 -0.382360 1.240260 -0.147950 -0.435158 1.204140
1751915842.885047 0.061281 -0.180036 1.324900 -0.063817 -0.373002 1.204050 -0.123051 -0.428331 1.157800
1751915842.984724 0.060723 -0.174108 1.320170 -0.043775 -0.367626 1.181810 -0.095935 -0.424629 1.129470
1751915843.085414 0.065130 -0.174653 1.318090 -0.027986 -0.369552 1.173500 -0.075976 -0.427250 1.118080
1751915843.185837 0.068887 -0.176327 1.316500 -0.026900 -0.374717 1.178510 -0.075380 -0.431671 1.122690
1751915843.298151 0.071356 -0.178659 1.315140 -0.028283 -0.380079 1.184350 -0.077345 -0.437038 1.129050
1751915843.413709 0.078106 -0.182138 1.313190 -0.025149 -0.386065 1.189250 -0.076029 -0.443514 1.136140
1751915843.530129 0.089067 -0.188019 1.313090 -0.018529 -0.396177 1.200000 -0.071438 -0.454741 1.150590
1751915843.646327 0.110521 -0.188824 1.304020 -0.004496 -0.405538 1.217950 -0.062022 -0.466590 1.177050
1751915843.747976 0.142843 -0.188863 1.292400 0.015654 -0.406216 1.227600 -0.047813 -0.465887 1.194120
1751915843.856779 0.181935 -0.185187 1.282780 0.049550 -0.395852 1.207430 -0.016171 -0.451219 1.171030
1751915843.968541 0.216214 -0.165904 1.268020 0.095043 -0.367478 1.157500 0.034129 -0.417984 1.108020
1751915844.071978 0.224784 -0.137719 1.250560 0.117339 -0.329020 1.111440 0.063532 -0.374891 1.050530
1751915844.187296 0.218848 -0.110502 1.237580 0.127018 -0.279192 1.062740 0.084907 -0.317258 0.988666
1751915844.290001 0.214456 -0.090965 1.230170 0.136073 -0.235173 1.028800 0.097255 -0.269389 0.951141
1751915844.389771 0.217041 -0.075206 1.225700 0.144039 -0.205899 1.013220 0.103276 -0.240098 0.936551
1751915844.503648 0.219469 -0.066782 1.223260 0.145089 -0.197199 1.011000 0.102555 -0.232506 0.935809
1751915844.617036 0.216484 -0.058074 1.220390 0.140554 -0.194094 1.012200 0.096754 -0.230946 0.938494
1751915844.720841 0.211294 -0.055173 1.219290 0.136266 -0.191801 1.011200 0.094058 -0.228765 0.936626
1751915844.834362 0.211169 -0.055031 1.219050 0.135755 -0.192041 1.011340 0.095237 -0.228312 0.935502
1751915844.937706 0.211443 -0.054744 1.219000 0.137841 -0.191760 1.010650 0.098730 -0.227544 0.933840
1751915845.039679 0.211866 -0.054383 1.218880 0.138403 -0.192845 1.011390 0.099417 -0.228669 0.934542
1751915845.142729 0.209619 -0.055375 1.218840 0.136329 -0.194012 1.011400 0.096961 -0.230012 0.934864
1751915845.262124 0.207615 -0.056377 1.219010 0.134643 -0.193782 1.010690 0.094773 -0.229912 0.934437
1751915845.350778 0.206559 -0.057464 1.219130 0.132484 -0.196929 1.012560 0.092155 -0.233250 0.936645
1751915845.451855 0.207711 -0.057537 1.219260 0.131713 -0.201412 1.016440 0.089586 -0.238874 0.942072
1751915845.554981 0.209621 -0.058638 1.219720 0.130609 -0.206286 1.020800 0.086823 -0.244454 0.947763
