1751915874.986271 0.184821 -0.124416 1.241230 0.054165 -0.314334 1.120820 -0.012944 -0.356927 1.071910
1751915875.094234 0.154824 -0.132939 1.247730 0.007881 -0.327806 1.157880 -0.065247 -0.370035 1.118150
1751915875.194132 0.122380 -0.134171 1.255690 -0.027064 -0.329685 1.171800 -0.098139 -0.372632 1.129220
1751915875.300605 0.098203 -0.132565 1.263300 -0.044186 -0.323226 1.158810 -0.109248 -0.366390 1.107680
1751915875.402068 0.094159 -0.130801 1.264250 -0.045295 -0.318647 1.150970 -0.107302 -0.361317 1.095790
1751915875.501205 0.098342 -0.128425 1.261590 -0.042951 -0.315595 1.149370 -0.105419 -0.356549 1.093420
1751915875.603818 0.101256 -0.127979 1.260780 -0.037202 -0.317240 1.148000 -0.100917 -0.359612 1.095000
1751915875.706851 0.104828 -0.131225 1.261500 -0.030584 -0.330526 1.163840 -0.097698 -0.377300 1.118920
1751915875.805620 0.108609 -0.142062 1.267140 -0.015098 -0.357946 1.191530 -0.083018 -0.412187 1.157560
1751915875.908258 0.121136 -0.160576 1.275770 0.017388 -0.392765 1.221430 -0.048162 -0.454555 1.197030
1751915876.034061 0.139919 -0.180985 1.286200 0.043020 -0.421161 1.263510 -0.022185 -0.486831 1.251450
1751915876.150489 0.164636 -0.194570 1.293320 0.062446 -0.433189 1.306740 -0.003423 -0.499286 1.308200
1751915876.253155 0.193797 -0.194025 1.291880 0.092100 -0.430244 1.329820 0.026059 -0.495422 1.339830
1751915876.356495 0.238552 -0.182250 1.286260 0.151050 -0.420281 1.343510 0.088033 -0.487743 1.357200
1751915876.456048 0.274463 -0.168013 1.284930 0.204522 -0.413431 1.334520 0.144883 -0.484747 1.342700
1751915876.561053 0.311037 -0.149480 1.287100 0.261710 -0.404598 1.296210 0.206353 -0.479526 1.290640
1751915876.669412 0.343681 -0.131384 1.300480 0.311048 -0.384419 1.251750 0.258486 -0.457984 1.228620
1751915876.785154 0.364956 -0.114908 1.307720 0.342253 -0.356678 1.215770 0.291877 -0.426374 1.179520
1751915876.884856 0.375131 -0.108653 1.312000 0.344139 -0.332057 1.184100 0.293148 -0.394858 1.137590
1751915876.984450 0.370105 -0.113543 1.310700 0.320661 -0.307512 1.145200 0.269920 -0.359789 1.086870
1751915877.099643 0.352079 -0.104985 1.290420 0.289197 -0.272642 1.102020 0.239344 -0.315191 1.035500
1751915877.205199 0.331095 -0.088203 1.268850 0.265452 -0.238627 1.067300 0.219650 -0.274450 0.994342
1751915877.307121 0.317097 -0.078432 1.256630 0.250867 -0.214979 1.045600 0.207174 -0.245237 0.968888
1751915877.411414 0.319183 -0.077368 1.257160 0.250873 -0.217024 1.048760 0.205023 -0.246810 0.973136
1751915877.533767 0.322075 -0.087373 1.261150 0.248118 -0.240016 1.064040 0.197070 -0.273488 0.993454
1751915877.636886 0.310826 -0.096358 1.257920 0.227504 -0.265949 1.079230 0.173111 -0.303895 1.013570
1751915877.740149 0.287963 -0.102760 1.250400 0.200342 -0.281442 1.083030 0.145678 -0.321007 1.018560
1751915877.867066 0.269184 -0.101210 1.244420 0.186777 -0.281499 1.076220 0.133935 -0.321665 1.010620
1751915877.969511 0.275452 -0.100199 1.246310 0.194559 -0.273552 1.070360 0.143321 -0.311525 1.002200
1751915878.074754 0.283644 -0.103248 1.250600 0.208283 -0.257159 1.055340 0.162607 -0.289519 0.980660
1751915878.175955 0.282407 -0.104132 1.250940 0.223960 -0.229681 1.031210 0.190062 -0.256138 0.948389
1751915878.276470 0.284022 -0.104048 1.250650 0.228819 -0.223682 1.026580 0.199198 -0.251040 0.942418
1751915878.400805 0.277422 -0.104465 1.247340 0.221251 -0.225692 1.024280 0.194042 -0.255276 0.940061
1751915878.502938 0.268614 -0.103092 1.243770 0.214996 -0.219940 1.017780 0.189106 -0.250361 0.933438
1751915878.608322 0.259302 -0.097333 1.238550 0.210250 -0.208569 1.008730 0.185053 -0.238845 0.924120
1751915878.715093 0.251565 -0.090606 1.233860 0.198364 -0.206432 1.007230 0.170342 -0.235081 0.922951
1751915878.820014 0.251158 -0.086667 1.232840 0.196145 -0.214493 1.013230 0.163596 -0.245422 0.931420
1751915878.923342 0.276475 -0.082479 1.238940 0.210062 -0.239006 1.042350 0.170826 -0.275152 0.965700
1751915879.036841 0.301740 -0.090235 1.251280 0.216521 -0.281311 1.097200 0.166660 -0.325350 1.031750
1751915879.141212 0.292048 -0.119970 1.258620 0.181298 -0.333962 1.161190 0.119755 -0.384503 1.112530
1751915879.240177 0.251443 -0.151003 1.261720 0.117604 -0.365167 1.199920 0.048734 -0.416072 1.162800
1751915879.340729 0.188768 -0.176599 1.272750 0.037640 -0.382219 1.222590 -0.035794 -0.430363 1.190980
1751915879.443543 0.128208 -0.189623 1.294500 -0.021996 -0.389030 1.222150 -0.094674 -0.434888 1.185760
1751915879.543554 0.090481 -0.189822 1.311240 -0.047768 -0.384392 1.208650 -0.115751 -0.429046 1.162890
1751915879.671243 0.078337 -0.183317 1.312760 -0.040912 -0.371623 1.179300 -0.101729 -0.417233 1.125160
1751915879.772569 0.075036 -0.175682 1.308270 -0.022139 -0.361656 1.155000 -0.076354 -0.408937 1.095640
1751915879.874484 0.077363 -0.170472 1.303490 -0.004787 -0.358239 1.143690 -0.056721 -0.405509 1.082220
1751915879.979182 0.076474 -0.172359 1.305640 -0.004551 -0.360511 1.145500 -0.055815 -0.407998 1.083720
1751915880.083116 0.076482 -0.173385 1.305420 -0.004952 -0.363496 1.147880 -0.056199 -0.411547 1.086440
1751915880.184829 0.085768 -0.179622 1.306070 -0.002260 -0.375905 1.160040 -0.056729 -0.424010 1.101480
1751915880.304180 0.116784 -0.196999 1.309450 0.015173 -0.406189 1.193110 -0.045933 -0.456815 1.143990
1751915880.405938 0.152394 -0.209057 1.310770 0.043297 -0.424940 1.215190 -0.021168 -0.477657 1.173060
1751915880.532871 0.192628 -0.210582 1.306710 0.084619 -0.427934 1.213400 0.020197 -0.481372 1.172120
1751915880.632914 0.214557 -0.200808 1.297340 0.118262 -0.418102 1.192100 0.057953 -0.472465 1.146090
1751915880.738148 0.226190 -0.185887 1.285240 0.145315 -0.401227 1.164320 0.090455 -0.455889 1.112240
1751915880.841171 0.233172 -0.168643 1.272760 0.168383 -0.379033 1.134700 0.119484 -0.433397 1.076710
1751915880.950411 0.235212 -0.149312 1.259870 0.181486 -0.344636 1.097220 0.138744 -0.394502 1.030920
1751915881.054351 0.234656 -0.131120 1.248890 0.184865 -0.303713 1.061170 0.147132 -0.345459 0.986719
1751915881.154783 0.226581 -0.119365 1.241710 0.179111 -0.265216 1.031980 0.148520 -0.298289 0.950253
1751915881.268139 0.219624 -0.110477 1.236660 0.174698 -0.234690 1.012790 0.149624 -0.261898 0.927118
1751915881.375179 0.217299 -0.101310 1.232840 0.170918 -0.220564 1.006520 0.145859 -0.246523 0.920452
1751915881.475156 0.213842 -0.098925 1.231800 0.165222 -0.220506 1.007170 0.138787 -0.247122 0.921721
1751915881.575186 0.209344 -0.101348 1.232330 0.162137 -0.221500 1.006650 0.136173 -0.248966 0.921320
1751915881.675992 0.206676 -0.104505 1.233280 0.162507 -0.219794 1.004480 0.138098 -0.246990 0.918611
1751915881.783556 0.204540 -0.105053 1.232890 0.163112 -0.220459 1.003590 0.138566 -0.246906 0.917530
1751915881.889463 0.203726 -0.100705 1.230970 0.161683 -0.218471 1.003000 0.137032 -0.245444 0.917133
1751915881.989585 0.202653 -0.097004 1.229550 0.160301 -0.214888 1.001690 0.135781 -0.241896 0.915797
1751915882.100849 0.202679 -0.094067 1.228390 0.159103 -0.214575 1.002100 0.133734 -0.241596 0.916400
1751915882.206428 0.201023 -0.095484 1.228900 0.156366 -0.218910 1.004480 0.129886 -0.245430 0.919013
1751915882.306823 0.197985 -0.100027 1.230720 0.153780 -0.225506 1.007310 0.127359 -0.252319 0.921921
1751915882.414421 0.196058 -0.101140 1.230950 0.153302 -0.228799 1.008000 0.127024 -0.255409 0.922995
1751915882.518277 0.195567 -0.101598 1.231050 0.153704 -0.229799 1.008740 0.127591 -0.256367 0.923175
1751915882.620295 0.195110 -0.102610 1.231440 0.153119 -0.230499 1.008970 0.126514 -0.257317 0.923639
1751915882.724624 0.196636 -0.102801 1.231650 0.154042 -0.231992 1.010070 0.125307 -0.260083 0.925839
1751915882.843369 0.195451 -0.105018 1.232380 0.151556 -0.233048 1.010370 0.123740 -0.260516 0.925633
1751915882.928732 0.197666 -0.102587 1.231460 0.152859 -0.232546 1.010750 0.123338 -0.261411 0.927057
1751915883.037030 0.198708 -0.101936 1.231280 0.153466 -0.232983 1.011310 0.123945 -0.261930 0.927645
