1751915933.640882 0.159787 -0.140924 1.251930 0.083154 -0.313624 1.073260 0.034708 -0.353030 1.003910
1751915933.741516 0.133214 -0.154496 1.265060 0.040135 -0.345910 1.115500 -0.016611 -0.389415 1.055610
1751915933.843152 0.104356 -0.162915 1.279930 0.005085 -0.364859 1.149480 -0.054780 -0.411746 1.095370
1751915933.958858 0.079138 -0.168386 1.295680 -0.018022 -0.373066 1.168050 -0.076855 -0.422258 1.114860
1751915934.062673 0.068434 -0.178406 1.311700 -0.025651 -0.381231 1.179060 -0.082154 -0.431371 1.124260
1751915934.165854 0.069891 -0.187890 1.322770 -0.022004 -0.389570 1.186930 -0.076169 -0.437031 1.127570
1751915934.336002 0.074952 -0.196778 1.331000 -0.003141 -0.392812 1.179500 -0.053194 -0.439779 1.116340
1751915934.438929 0.080959 -0.194327 1.324280 0.005307 -0.387846 1.168010 -0.045978 -0.434705 1.105690
1751915934.540580 0.083478 -0.190680 1.319060 0.005439 -0.383409 1.162970 -0.048426 -0.430300 1.102890
1751915934.651087 0.093420 -0.188320 1.312440 0.007650 -0.390014 1.172560 -0.051390 -0.438848 1.119200
1751915934.745450 0.114666 -0.193651 1.308610 0.017372 -0.408682 1.199460 -0.046982 -0.460597 1.156180
1751915934.854156 0.150597 -0.206983 1.310650 0.054182 -0.433978 1.228100 -0.010870 -0.490927 1.192960
1751915934.959157 0.196105 -0.216747 1.316800 0.120871 -0.454381 1.242900 0.061742 -0.518967 1.210620
1751915935.063089 0.241654 -0.218839 1.325780 0.209719 -0.465383 1.250200 0.163427 -0.539457 1.217340
1751915935.170856 0.282001 -0.210924 1.331300 0.303388 -0.458464 1.255440 0.274031 -0.540551 1.222100
1751915935.272517 0.318132 -0.195952 1.335300 0.391322 -0.434451 1.262640 0.379979 -0.521009 1.229640
1751915935.372419 0.343366 -0.180962 1.338060 0.458045 -0.403625 1.268630 0.462676 -0.490744 1.235490
1751915935.474842 0.355614 -0.175765 1.344000 0.500427 -0.378176 1.269270 0.517895 -0.462652 1.233650
1751915935.577062 0.355761 -0.175648 1.345410 0.519624 -0.357545 1.258420 0.545848 -0.437677 1.218410
1751915935.679840 0.351422 -0.178815 1.346930 0.530832 -0.336443 1.244640 0.564924 -0.410711 1.199560
1751915935.787462 0.346134 -0.178938 1.342280 0.531150 -0.322014 1.229030 0.568823 -0.392038 1.180170
1751915935.891769 0.336672 -0.175441 1.329720 0.522168 -0.309802 1.206850 0.561312 -0.376252 1.154000
1751915935.995826 0.332230 -0.170474 1.320940 0.512356 -0.302832 1.188260 0.549776 -0.367640 1.132500
1751915936.098133 0.328945 -0.167369 1.315260 0.501462 -0.295927 1.169410 0.537898 -0.358499 1.110530
1751915936.209770 0.324670 -0.159332 1.305920 0.490126 -0.287415 1.151610 0.524894 -0.349305 1.091030
1751915936.314439 0.322892 -0.153517 1.300560 0.485350 -0.291736 1.151860 0.518843 -0.356172 1.093240
1751915936.414539 0.328247 -0.153588 1.303930 0.489381 -0.299382 1.161120 0.522537 -0.365285 1.103960
1751915936.517091 0.333314 -0.152355 1.305780 0.496433 -0.303373 1.170870 0.529730 -0.370776 1.115570
1751915936.626093 0.337879 -0.149415 1.306470 0.503513 -0.307254 1.182900 0.536579 -0.376645 1.129970
1751915936.731694 0.341957 -0.144209 1.305600 0.511201 -0.312274 1.202050 0.545426 -0.384715 1.154190
1751915936.838983 0.343116 -0.137591 1.301220 0.515965 -0.317713 1.228280 0.552026 -0.394426 1.189230
1751915936.956642 0.345502 -0.139542 1.304420 0.516622 -0.326340 1.245700 0.552758 -0.404456 1.209600
1751915937.058874 0.347735 -0.144272 1.309250 0.513945 -0.330390 1.236390 0.548163 -0.405823 1.193390
1751915937.162328 0.346262 -0.148597 1.310590 0.509025 -0.324713 1.210390 0.539431 -0.396509 1.159100
1751915937.263872 0.338532 -0.151119 1.306580 0.500932 -0.313240 1.184680 0.530648 -0.381155 1.127980
1751915937.369349 0.330996 -0.147762 1.299270 0.495407 -0.292873 1.159760 0.526949 -0.357636 1.100430
1751915937.475176 0.329634 -0.143057 1.296140 0.491559 -0.285542 1.150990 0.522490 -0.351709 1.092890
1751915937.578845 0.331146 -0.144286 1.297860 0.491990 -0.282343 1.147310 0.523998 -0.348341 1.089610
1751915937.682909 0.330070 -0.145057 1.297320 0.488574 -0.283406 1.144500 0.519869 -0.349144 1.086160
1751915937.786180 0.324711 -0.147280 1.295050 0.481744 -0.290153 1.144900 0.511680 -0.358103 1.088370
1751915937.892279 0.324260 -0.149517 1.297030 0.480636 -0.300011 1.153820 0.509355 -0.371098 1.100610
1751915937.994967 0.329943 -0.148616 1.301100 0.484878 -0.313731 1.173200 0.511293 -0.389419 1.125460
1751915938.095884 0.336278 -0.148620 1.306160 0.487623 -0.329048 1.195900 0.511584 -0.409243 1.154620
1751915938.200975 0.347157 -0.145209 1.312360 0.484929 -0.346139 1.221500 0.503022 -0.431014 1.187170
1751915938.304909 0.360618 -0.138125 1.318800 0.470109 -0.360706 1.240950 0.478437 -0.448489 1.210380
1751915938.407890 0.370885 -0.130397 1.321820 0.447960 -0.365090 1.240620 0.445750 -0.452445 1.207850
1751915938.519262 0.372069 -0.120883 1.315360 0.423477 -0.353705 1.211640 0.412923 -0.436421 1.169730
1751915938.622371 0.364130 -0.112847 1.302600 0.406109 -0.333380 1.171600 0.392626 -0.409723 1.119650
1751915938.727342 0.348173 -0.103965 1.284980 0.391933 -0.307923 1.130000 0.380218 -0.378136 1.069640
1751915938.831326 0.330024 -0.101343 1.271560 0.378435 -0.284645 1.093870 0.371220 -0.348912 1.026590
1751915938.937502 0.317362 -0.101732 1.264500 0.366000 -0.265256 1.068470 0.361909 -0.323307 0.995514
1751915939.043080 0.307633 -0.098115 1.257820 0.357269 -0.243724 1.048300 0.355739 -0.295343 0.970614
1751915939.152105 0.301751 -0.084052 1.249300 0.352663 -0.210177 1.027820 0.353354 -0.253933 0.945395
1751915939.254005 0.301901 -0.069793 1.245450 0.351572 -0.190841 1.020820 0.351713 -0.233317 0.937720
1751915939.358473 0.304892 -0.066910 1.246270 0.353072 -0.193175 1.024160 0.352312 -0.236486 0.941503
1751915939.462114 0.310352 -0.066257 1.248650 0.356149 -0.202136 1.031740 0.354139 -0.247615 0.950279
1751915939.563447 0.319969 -0.059209 1.251520 0.368328 -0.208955 1.044540 0.365122 -0.257524 0.964921
1751915939.676390 0.331257 -0.037951 1.252740 0.396708 -0.211384 1.070300 0.393059 -0.268427 0.996577
1751915939.778219 0.341761 -0.035628 1.258750 0.410861 -0.219018 1.087810 0.406825 -0.279640 1.016970
1751915939.880492 0.346468 -0.039907 1.262870 0.411461 -0.224145 1.091290 0.406441 -0.284035 1.019890
1751915939.984104 0.347086 -0.047512 1.265180 0.404202 -0.225119 1.084150 0.397948 -0.280372 1.009200
1751915940.088201 0.343840 -0.052204 1.264180 0.390013 -0.218761 1.070030 0.381993 -0.268014 0.991170
1751915940.190734 0.331330 -0.063388 1.259000 0.372393 -0.206948 1.046300 0.366822 -0.249516 0.963444
1751915940.294484 0.314380 -0.070345 1.251700 0.358366 -0.200981 1.031320 0.356927 -0.243579 0.948298
1751915940.398512 0.306736 -0.074146 1.249010 0.346459 -0.196132 1.022890 0.342376 -0.241441 0.941404
1751915940.497298 0.298712 -0.071358 1.244430 0.335053 -0.191555 1.016700 0.328016 -0.237716 0.935964
1751915940.607851 0.293150 -0.071336 1.242350 0.328188 -0.199262 1.018740 0.319222 -0.247988 0.939655
1751915940.707998 0.306260 -0.064457 1.246680 0.344901 -0.217627 1.040180 0.333491 -0.273709 0.966469
1751915940.809042 0.326302 -0.061057 1.256260 0.382060 -0.241134 1.077150 0.373210 -0.307844 1.012490
1751915940.912452 0.341973 -0.064376 1.266030 0.428672 -0.256890 1.114150 0.429192 -0.331805 1.058000
1751915941.019130 0.353672 -0.070033 1.274700 0.474162 -0.264103 1.150290 0.486093 -0.344022 1.103600
1751915941.123335 0.370605 -0.079859 1.291460 0.518432 -0.267107 1.187800 0.541340 -0.348613 1.148560
1751915941.240695 0.389670 -0.085813 1.312820 0.566296 -0.255286 1.225090 0.602441 -0.334436 1.191300
1751915941.340313 0.404353 -0.084962 1.330130 0.606526 -0.227897 1.250940 0.656364 -0.299864 1.218590
1751915941.443546 0.414726 -0.081665 1.342480 0.638658 -0.183369 1.258600 0.701003 -0.243764 1.224390
1751915941.543075 0.419014 -0.077010 1.346950 0.654178 -0.138846 1.255510 0.724455 -0.187170 1.217620
1751915941.645309 0.421250 -0.070484 1.348500 0.657838 -0.097241 1.244600 0.732245 -0.133901 1.201830
1751915941.747455 0.420496 -0.067134 1.346730 0.651033 -0.071223 1.226940 0.725795 -0.099385 1.178700
1751915941.850710 0.414489 -0.064079 1.336850 0.637141 -0.057859 1.202980 0.709654 -0.081252 1.149090
1751915941.950327 0.410074 -0.062440 1.330260 0.624102 -0.048753 1.183430 0.694005 -0.067490 1.124510
1751915942.053749 0.404547 -0.056707 1.322490 0.619546 -0.043741 1.176920 0.689180 -0.064317 1.118290
1751915942.157979 0.405579 -0.057861 1.323720 0.623540 -0.048137 1.182290 0.693739 -0.069896 1.124770
1751915942.272137 0.406690 -0.059848 1.324260 0.626500 -0.050565 1.185600 0.697346 -0.072623 1.129080
1751915942.375160 0.405300 -0.062175 1.322790 0.625060 -0.053281 1.184100 0.695830 -0.075341 1.127440
1751915942.477170 0.405378 -0.060578 1.322870 0.627696 -0.056681 1.188110 0.698455 -0.080564 1.132140
1751915942.581947 0.407736 -0.058436 1.325800 0.637332 -0.063600 1.203800 0.710176 -0.089394 1.151560
1751915942.688027 0.412857 -0.057531 1.332030 0.649514 -0.071694 1.225170 0.725046 -0.099484 1.177930
1751915942.790804 0.417988 -0.057684 1.338430 0.659045 -0.076035 1.242620 0.736763 -0.104588 1.199550
1751915942.892136 0.420079 -0.058582 1.340800 0.662631 -0.077257 1.248960 0.740841 -0.106514 1.207290
1751915942.992147 0.419765 -0.060716 1.340640 0.660944 -0.078119 1.245090 0.738552 -0.106272 1.201570
1751915943.093988 0.416166 -0.062497 1.336080 0.653339 -0.077943 1.230750 0.728783 -0.104675 1.182760
1751915943.198858 0.411902 -0.063634 1.330760 0.642722 -0.074758 1.211730 0.714078 -0.099984 1.157130
1751915943.299416 0.406742 -0.062490 1.324450 0.631535 -0.065982 1.193900 0.700507 -0.090729 1.136170
1751915943.409045 0.404196 -0.060631 1.321900 0.627155 -0.064092 1.188290 0.696800 -0.089933 1.131800
1751915943.507967 0.404660 -0.061034 1.322940 0.625552 -0.065903 1.185900 0.696102 -0.092336 1.130820
1751915943.614757 0.405989 -0.055999 1.323900 0.631051 -0.066617 1.194160 0.703254 -0.096067 1.142890
1751915943.720910 0.410442 -0.045556 1.327640 0.645437 -0.078556 1.221460 0.719386 -0.115980 1.178560
1751915943.818220 0.417982 -0.038866 1.336030 0.655658 -0.110992 1.259430 0.728043 -0.161071 1.228410
1751915943.924162 0.424295 -0.040020 1.343900 0.644714 -0.168021 1.293630 0.707073 -0.234431 1.273370
1751915944.026552 0.427239 -0.056448 1.352410 0.607058 -0.239725 1.312340 0.651552 -0.320348 1.297180
1751915944.130914 0.418690 -0.083696 1.350730 0.543246 -0.308319 1.310280 0.565605 -0.397536 1.294460
1751915944.233097 0.400094 -0.112298 1.342300 0.473490 -0.357190 1.294440 0.475486 -0.448143 1.273600
1751915944.339868 0.364342 -0.138538 1.321900 0.376606 -0.389608 1.255140 0.356822 -0.475378 1.224100
1751915944.444008 0.328176 -0.147923 1.299800 0.292047 -0.389299 1.209810 0.257602 -0.464965 1.167400
1751915944.549716 0.295075 -0.141988 1.276800 0.228036 -0.366798 1.164610 0.186928 -0.432036 1.112000
1751915944.656264 0.268871 -0.126260 1.257390 0.187922 -0.331497 1.119890 0.145930 -0.387166 1.057860
1751915944.761413 0.250043 -0.110972 1.244460 0.170849 -0.298020 1.082340 0.132626 -0.347652 1.013160
1751915944.863209 0.236936 -0.103173 1.237540 0.165634 -0.274003 1.055130 0.132532 -0.320099 0.981043
1751915944.971199 0.228862 -0.092607 1.231600 0.169286 -0.252465 1.035560 0.140795 -0.295757 0.957952
1751915945.069484 0.223074 -0.086827 1.228700 0.169031 -0.231827 1.019930 0.143239 -0.271616 0.939553
1751915945.174758 0.228795 -0.087631 1.229700 0.166412 -0.239920 1.028580 0.138207 -0.278406 0.948382
1751915945.274948 0.257556 -0.081037 1.232950 0.181940 -0.266903 1.067840 0.145668 -0.308832 0.992770
1751915945.381551 0.271408 -0.070959 1.233000 0.196186 -0.287389 1.109910 0.154345 -0.341565 1.046400
1751915945.485193 0.254150 -0.081846 1.230890 0.160959 -0.298356 1.121110 0.106440 -0.351965 1.067600
1751915945.593530 0.215409 -0.098917 1.231840 0.089684 -0.291506 1.110720 0.025532 -0.329362 1.054500
1751915945.702715 0.175757 -0.097206 1.230810 0.041472 -0.255928 1.075100 -0.014525 -0.278876 1.004070
1751915945.806699 0.156681 -0.084219 1.228010 0.040123 -0.218260 1.038530 -0.005389 -0.236790 0.959192
1751915945.906630 0.156109 -0.071527 1.224700 0.048881 -0.195605 1.023080 0.004685 -0.215334 0.943293
1751915946.008428 0.154980 -0.065647 1.223560 0.049885 -0.185962 1.018480 0.008149 -0.206116 0.937480
1751915946.109642 0.154647 -0.063951 1.222940 0.053537 -0.183295 1.015300 0.013891 -0.203268 0.933209
1751915946.215210 0.156702 -0.061720 1.221740 0.062269 -0.180583 1.010700 0.024375 -0.200033 0.927668
1751915946.314693 0.157636 -0.059506 1.220890 0.066374 -0.176486 1.007400 0.030589 -0.195318 0.923298
1751915946.415965 0.160188 -0.057940 1.220080 0.069261 -0.174928 1.006420 0.032262 -0.194565 0.923031
1751915946.518052 0.161925 -0.057264 1.219860 0.070828 -0.175670 1.007050 0.032460 -0.196234 0.924508
1751915946.620114 0.161813 -0.058239 1.220060 0.071142 -0.176933 1.007240 0.032975 -0.197436 0.924581
