1751061617.073423 0.276708 -0.042598 1.230390 0.386731 -0.225880 1.082390 0.446847 -0.289885 1.050780
1751061617.177979 0.274642 -0.061304 1.233430 0.336144 -0.288826 1.123650 0.376180 -0.368699 1.096690
1751061617.279944 0.269124 -0.077206 1.235940 0.277741 -0.322774 1.150960 0.298424 -0.410128 1.125440
1751061617.381782 0.259340 -0.091911 1.237960 0.222004 -0.339154 1.166710 0.228520 -0.427459 1.137220
1751061617.482831 0.250197 -0.096914 1.237490 0.195487 -0.339694 1.162230 0.197376 -0.424970 1.124360
1751061617.588023 0.245468 -0.095216 1.235790 0.186270 -0.330654 1.142710 0.185972 -0.412316 1.097530
1751061617.693748 0.246355 -0.092497 1.234990 0.185531 -0.318412 1.121580 0.184320 -0.394551 1.067620
1751061617.794143 0.245988 -0.095422 1.235980 0.190622 -0.310906 1.101440 0.191991 -0.381459 1.040300
1751061617.898137 0.234855 -0.099566 1.235370 0.192605 -0.303981 1.080350 0.198885 -0.370925 1.015630
1751061618.002157 0.220534 -0.104249 1.235130 0.186700 -0.301363 1.068990 0.195750 -0.369306 1.005650
1751061618.112069 0.218054 -0.108344 1.236500 0.180590 -0.311000 1.078020 0.187815 -0.384014 1.020300
1751061618.219455 0.224751 -0.109020 1.237640 0.185945 -0.327325 1.101860 0.193522 -0.406520 1.053070
1751061618.323144 0.234783 -0.103600 1.236950 0.205765 -0.332996 1.118060 0.217333 -0.415847 1.076690
1751061618.424977 0.249104 -0.100880 1.238770 0.238456 -0.338791 1.134440 0.256671 -0.422457 1.097320
1751061618.526011 0.267025 -0.097552 1.242000 0.290774 -0.341532 1.155640 0.320931 -0.423308 1.122280
1751061618.629168 0.288730 -0.094920 1.248980 0.351046 -0.336041 1.174000 0.394713 -0.412644 1.143720
1751061618.735768 0.317118 -0.088897 1.260090 0.419395 -0.316745 1.187810 0.475091 -0.384759 1.156470
1751061618.838637 0.340431 -0.082717 1.272000 0.481881 -0.287382 1.196470 0.548250 -0.343712 1.162830
1751061618.955904 0.367807 -0.070988 1.288880 0.544950 -0.243113 1.207680 0.620505 -0.283956 1.171170
1751061619.062742 0.383721 -0.057021 1.299230 0.583842 -0.197183 1.210320 0.663677 -0.225027 1.170810
1751061619.162987 0.393721 -0.046848 1.306910 0.611146 -0.152171 1.210820 0.693192 -0.166868 1.168840
1751061619.264740 0.403324 -0.037746 1.315800 0.633366 -0.097879 1.210610 0.715377 -0.096859 1.166000
1751061619.368579 0.409019 -0.027489 1.320930 0.642428 -0.048992 1.208420 0.720976 -0.033790 1.160300
1751061619.470765 0.413228 -0.013190 1.324690 0.641066 0.002082 1.200360 0.713695 0.028380 1.147900
1751061619.571040 0.413534 -0.001455 1.324580 0.629631 0.041834 1.186640 0.694556 0.075937 1.128920
1751061619.677153 0.409910 0.007703 1.320050 0.614123 0.067842 1.170780 0.672559 0.106463 1.109110
1751061619.783940 0.403636 0.012350 1.312620 0.595416 0.082743 1.151790 0.649118 0.123728 1.087400
1751061619.883316 0.396701 0.014505 1.304880 0.576213 0.090825 1.132970 0.625779 0.131978 1.065450
1751061619.990149 0.392194 0.017777 1.300320 0.570966 0.094448 1.127800 0.621284 0.135926 1.061040
1751061620.091743 0.392323 0.018474 1.300520 0.572419 0.095266 1.129440 0.622521 0.136787 1.062540
1751061620.194552 0.393581 0.019171 1.301920 0.572547 0.098075 1.130610 0.621450 0.140204 1.063210
1751061620.299995 0.395606 0.019411 1.304120 0.575491 0.099419 1.134300 0.622823 0.142288 1.066240
1751061620.407211 0.396203 0.022754 1.305100 0.589554 0.092736 1.146030 0.638923 0.135020 1.079060
1751061620.509730 0.397135 0.022258 1.306110 0.608789 0.071194 1.163260 0.665402 0.110821 1.100530
1751061620.610068 0.399766 0.014533 1.308300 0.624521 0.038388 1.179780 0.689417 0.072105 1.121800
1751061620.712286 0.399753 0.001219 1.307720 0.631910 -0.008816 1.191090 0.704297 0.015051 1.137230
1751061620.814533 0.395455 -0.010563 1.303260 0.625414 -0.059714 1.192340 0.701901 -0.047806 1.140210
1751061620.923139 0.389890 -0.018972 1.298040 0.608232 -0.116167 1.195670 0.686781 -0.120252 1.145440
1751061621.025042 0.383706 -0.028600 1.293000 0.576084 -0.175103 1.197510 0.652842 -0.197030 1.149160
1751061621.127051 0.377185 -0.040881 1.289010 0.537210 -0.221377 1.191990 0.608054 -0.257308 1.143000
1751061621.227962 0.368890 -0.054942 1.284920 0.504018 -0.250546 1.179660 0.568243 -0.294652 1.128280
1751061621.339550 0.355797 -0.067091 1.277700 0.473145 -0.270741 1.166610 0.532437 -0.320378 1.114350
1751061621.438287 0.340493 -0.076166 1.269700 0.446169 -0.283926 1.154510 0.501762 -0.338232 1.102840
1751061621.539417 0.326938 -0.082307 1.263250 0.423117 -0.290383 1.140560 0.475486 -0.346543 1.087520
1751061621.645724 0.320297 -0.084912 1.260360 0.412415 -0.291807 1.132650 0.463026 -0.348178 1.078150
1751061621.745750 0.320334 -0.086524 1.260970 0.417401 -0.290612 1.132420 0.468968 -0.345505 1.077310
1751061621.846369 0.326972 -0.086379 1.264770 0.437546 -0.283994 1.137000 0.492735 -0.335287 1.081940
1751061621.950197 0.339774 -0.081623 1.271150 0.472166 -0.266382 1.144910 0.532710 -0.311097 1.089730
1751061622.058022 0.354908 -0.071382 1.278460 0.509674 -0.238092 1.152500 0.575179 -0.273938 1.096500
1751061622.159687 0.371651 -0.055837 1.287560 0.553650 -0.192383 1.161740 0.623823 -0.215248 1.104620
1751061622.263235 0.388527 -0.034446 1.298770 0.596317 -0.126798 1.172700 0.669112 -0.132800 1.114610
1751061622.366797 0.397790 -0.016213 1.306220 0.618624 -0.066390 1.178490 0.690577 -0.058105 1.119600
1751061622.472914 0.403927 0.002615 1.312560 0.627449 -0.000609 1.179790 0.693247 0.022852 1.117910
1751061622.589775 0.405132 0.024622 1.315680 0.620478 0.061628 1.174700 0.676626 0.096960 1.109120
1751061622.694133 0.403150 0.035093 1.315050 0.611536 0.090706 1.169850 0.662697 0.130420 1.102660
1751061622.793611 0.398072 0.040596 1.310280 0.595541 0.109213 1.155690 0.641309 0.150523 1.085630
1751061622.906430 0.392570 0.039544 1.303980 0.582289 0.109661 1.140610 0.625200 0.149395 1.067880
1751061623.007833 0.386848 0.038669 1.297860 0.571746 0.108600 1.128970 0.615800 0.147537 1.056500
1751061623.109877 0.385727 0.037250 1.296460 0.570547 0.107524 1.127630 0.615022 0.146582 1.055480
1751061623.214746 0.385978 0.036924 1.296650 0.570927 0.107013 1.127890 0.616402 0.146831 1.056780
1751061623.319565 0.389467 0.039624 1.300730 0.581741 0.107664 1.139480 0.632965 0.148431 1.072970
1751061623.422575 0.393797 0.044171 1.306340 0.597166 0.104898 1.156160 0.652846 0.144965 1.092880
1751061623.525338 0.400031 0.042951 1.313080 0.622121 0.082473 1.183790 0.684825 0.119427 1.125380
1751061623.628558 0.409344 0.031990 1.322100 0.649802 0.025536 1.223440 0.721873 0.053709 1.171270
1751061623.730553 0.415587 0.016047 1.328110 0.657388 -0.036162 1.248070 0.735781 -0.019993 1.200080
1751061623.841664 0.418557 -0.007549 1.331600 0.646242 -0.111333 1.261000 0.727490 -0.111743 1.215080
1751061623.941457 0.415326 -0.035789 1.330880 0.615221 -0.188394 1.264890 0.695106 -0.206087 1.220000
1751061624.043199 0.404409 -0.068179 1.326520 0.569967 -0.259780 1.267530 0.645490 -0.294833 1.225300
1751061624.144011 0.384154 -0.103735 1.320150 0.514059 -0.322468 1.266490 0.581988 -0.373124 1.227380
1751061624.243880 0.357536 -0.135244 1.314200 0.448636 -0.373125 1.262100 0.506704 -0.435924 1.224770
1751061624.344668 0.333036 -0.155601 1.309540 0.388398 -0.403548 1.254250 0.436392 -0.474045 1.216350
1751061624.448001 0.309166 -0.167995 1.303520 0.324060 -0.419997 1.241200 0.360042 -0.496333 1.201440
1751061624.550068 0.289273 -0.172766 1.296480 0.274261 -0.423030 1.227620 0.300367 -0.502229 1.185710
1751061624.652186 0.265382 -0.171112 1.284780 0.226654 -0.417658 1.211870 0.244180 -0.498597 1.168840
1751061624.755505 0.249710 -0.167462 1.276880 0.197860 -0.409540 1.197450 0.210321 -0.490653 1.153010
1751061624.857341 0.237484 -0.161076 1.269140 0.175688 -0.397141 1.179390 0.183918 -0.476944 1.131710
1751061624.959498 0.226270 -0.152719 1.261330 0.162419 -0.381843 1.156330 0.169252 -0.458929 1.104170
1751061625.062260 0.217211 -0.145367 1.255440 0.158158 -0.367766 1.134400 0.165446 -0.441468 1.077610
1751061625.163572 0.209136 -0.137717 1.250160 0.161035 -0.351333 1.109960 0.169647 -0.419747 1.047070
1751061625.264775 0.206516 -0.131714 1.246660 0.162992 -0.339995 1.097250 0.172202 -0.406075 1.031990
1751061625.372514 0.204516 -0.130899 1.246100 0.160005 -0.341693 1.100550 0.169460 -0.408662 1.036250
1751061625.493461 0.206537 -0.132733 1.247210 0.162842 -0.345802 1.104760 0.173028 -0.412620 1.040410
1751061625.606722 0.215673 -0.133716 1.248530 0.183506 -0.357279 1.119750 0.196494 -0.426860 1.058900
1751061625.708952 0.233663 -0.135069 1.251800 0.226871 -0.372343 1.145760 0.248147 -0.446933 1.093860
1751061625.812736 0.264388 -0.129892 1.256560 0.301312 -0.370009 1.163930 0.337020 -0.443544 1.118910
1751061625.913553 0.289015 -0.120737 1.260780 0.366334 -0.349604 1.164640 0.413993 -0.415791 1.119280
1751061626.017665 0.309645 -0.106936 1.263740 0.426577 -0.313268 1.157190 0.485231 -0.367810 1.109280
1751061626.119836 0.322672 -0.090475 1.263820 0.470127 -0.266982 1.142570 0.535224 -0.309103 1.090630
1751061626.224771 0.326809 -0.075937 1.260000 0.491078 -0.227017 1.127610 0.558998 -0.259774 1.072630
1751061626.326372 0.323828 -0.063733 1.255650 0.496157 -0.189606 1.107130 0.565473 -0.214847 1.049960
1751061626.441262 0.314500 -0.058351 1.249280 0.479222 -0.163849 1.078000 0.546656 -0.185682 1.017290
1751061626.541513 0.303279 -0.055268 1.243170 0.457176 -0.148489 1.055480 0.522107 -0.169206 0.991735
1751061626.645521 0.295649 -0.055175 1.239830 0.441163 -0.141833 1.042560 0.505108 -0.163104 0.978000
1751061626.756876 0.287222 -0.053674 1.236160 0.423031 -0.133914 1.029480 0.483366 -0.154989 0.961474
1751061626.863384 0.283905 -0.051762 1.234540 0.416916 -0.132510 1.026240 0.475397 -0.153216 0.956520
1751061626.964133 0.282296 -0.051538 1.233920 0.414973 -0.133120 1.025730 0.472624 -0.153251 0.955161
1751061627.065502 0.282161 -0.052792 1.234120 0.414014 -0.133320 1.025000 0.470130 -0.152157 0.952857
1751061627.165599 0.282126 -0.054287 1.234420 0.414491 -0.135722 1.025980 0.469782 -0.153824 0.953009
1751061627.273187 0.282326 -0.055740 1.234800 0.414436 -0.135606 1.025590 0.469694 -0.153220 0.952477
