1751061692.114403 0.279208 -0.128499 1.260970 0.418837 -0.319552 1.153250 0.482336 -0.383340 1.128580
1751061692.217649 0.274557 -0.166934 1.284910 0.393146 -0.365500 1.166130 0.448500 -0.425713 1.121190
1751061692.325650 0.266257 -0.183911 1.296300 0.378193 -0.366522 1.148930 0.427209 -0.408496 1.081510
1751061692.429616 0.257400 -0.187006 1.296000 0.375353 -0.349562 1.130890 0.422768 -0.379250 1.056190
1751061692.529508 0.251920 -0.185274 1.292600 0.372722 -0.333855 1.116730 0.421401 -0.357523 1.040700
1751061692.629895 0.252810 -0.185032 1.292650 0.372564 -0.324673 1.108910 0.423491 -0.351825 1.035570
1751061692.730504 0.266690 -0.186036 1.298490 0.384240 -0.340103 1.125160 0.435851 -0.370652 1.053650
1751061692.843847 0.284507 -0.184302 1.304780 0.382826 -0.375285 1.158290 0.435264 -0.416501 1.093010
1751061692.945558 0.295505 -0.182860 1.309260 0.359304 -0.402892 1.186320 0.407265 -0.457218 1.127510
1751061693.046769 0.296008 -0.183083 1.309700 0.315172 -0.421133 1.206990 0.354162 -0.485996 1.152380
1751061693.152824 0.279476 -0.183167 1.301250 0.247351 -0.425578 1.212900 0.271340 -0.500085 1.162080
1751061693.252081 0.249634 -0.180067 1.287230 0.173295 -0.411605 1.196890 0.181178 -0.489430 1.145990
1751061693.358614 0.209189 -0.167726 1.269810 0.097145 -0.381982 1.174210 0.092552 -0.458687 1.121240
1751061693.459774 0.174800 -0.153032 1.259210 0.046241 -0.350576 1.149440 0.035031 -0.423521 1.092320
1751061693.568819 0.151672 -0.139085 1.253220 0.026158 -0.325042 1.121820 0.014154 -0.393141 1.059150
1751061693.670723 0.132388 -0.129094 1.251500 0.023926 -0.302306 1.090770 0.016055 -0.363119 1.020420
1751061693.773018 0.125661 -0.118808 1.247950 0.032143 -0.283074 1.069430 0.027241 -0.338606 0.994584
1751061693.873756 0.123889 -0.112163 1.245310 0.034640 -0.273206 1.061730 0.030713 -0.326073 0.984929
1751061693.973961 0.121432 -0.113827 1.246740 0.034779 -0.277274 1.064000 0.031212 -0.330707 0.987617
1751061694.077997 0.122755 -0.123524 1.251080 0.035718 -0.291814 1.073000 0.031902 -0.346836 0.997740
1751061694.179876 0.134442 -0.131900 1.252540 0.039294 -0.310625 1.089430 0.032790 -0.370636 1.018250
1751061694.284944 0.153668 -0.132261 1.249090 0.051786 -0.323961 1.106010 0.041839 -0.391188 1.042050
1751061694.386670 0.177738 -0.125888 1.243390 0.079447 -0.329200 1.114540 0.068112 -0.403402 1.059080
1751061694.492978 0.203027 -0.116638 1.238980 0.121258 -0.326637 1.109310 0.113556 -0.404416 1.058310
1751061694.593733 0.218470 -0.095854 1.231660 0.163511 -0.305153 1.087530 0.162219 -0.384601 1.038580
1751061694.697391 0.227495 -0.081440 1.227940 0.193369 -0.277794 1.060960 0.197075 -0.351439 1.003760
1751061694.803022 0.227555 -0.071523 1.225100 0.208198 -0.252248 1.039190 0.213349 -0.314417 0.969780
1751061694.904719 0.225433 -0.064272 1.222900 0.208696 -0.235352 1.027920 0.213225 -0.294270 0.955686
1751061695.007845 0.221935 -0.066365 1.223050 0.205640 -0.237645 1.028100 0.210412 -0.295773 0.955273
1751061695.108462 0.219772 -0.075788 1.225300 0.198317 -0.255999 1.039110 0.203853 -0.314300 0.966454
1751061695.212722 0.215925 -0.094923 1.231000 0.183312 -0.286120 1.057910 0.188416 -0.348293 0.988498
1751061695.318841 0.204067 -0.120038 1.240620 0.156354 -0.321099 1.082830 0.159412 -0.388077 1.017900
1751061695.424037 0.182145 -0.142858 1.252510 0.117894 -0.347394 1.105400 0.116963 -0.416868 1.043110
1751061695.526333 0.162941 -0.150646 1.258730 0.083697 -0.357055 1.121900 0.078146 -0.428764 1.062400
1751061695.629621 0.140323 -0.153393 1.264280 0.053888 -0.354211 1.123560 0.046319 -0.423239 1.061210
1751061695.729451 0.127436 -0.146576 1.262900 0.042234 -0.336122 1.106730 0.035174 -0.397901 1.037140
1751061695.829835 0.121994 -0.130393 1.254900 0.037131 -0.304351 1.081320 0.029434 -0.362018 1.008350
1751061695.935997 0.120052 -0.114997 1.247670 0.037996 -0.274846 1.059750 0.031305 -0.331144 0.985619
1751061696.040809 0.125711 -0.114122 1.245720 0.040078 -0.275097 1.060370 0.030090 -0.336926 0.991100
1751061696.146064 0.149264 -0.130251 1.248710 0.051911 -0.310456 1.088550 0.038725 -0.380156 1.027910
1751061696.245644 0.179408 -0.139100 1.250420 0.084370 -0.344422 1.122320 0.072180 -0.423456 1.074210
1751061696.358118 0.214114 -0.144652 1.254670 0.138202 -0.372135 1.154200 0.134003 -0.457364 1.116400
1751061696.461465 0.247299 -0.146792 1.261700 0.206525 -0.391541 1.184060 0.215849 -0.478179 1.150640
1751061696.573470 0.282477 -0.141886 1.270220 0.286642 -0.392196 1.200030 0.312237 -0.475503 1.166640
1751061696.674123 0.310898 -0.130155 1.276760 0.350691 -0.375508 1.200480 0.388104 -0.452898 1.164140
1751061696.777887 0.339934 -0.110055 1.283890 0.422614 -0.339398 1.193530 0.472556 -0.406943 1.152870
1751061696.881178 0.358647 -0.088727 1.288050 0.483688 -0.293682 1.188260 0.544930 -0.349379 1.145100
1751061696.990623 0.370154 -0.073580 1.291870 0.532669 -0.245385 1.183840 0.602783 -0.286248 1.137750
1751061697.090746 0.377025 -0.063522 1.294730 0.564394 -0.203373 1.181000 0.639009 -0.230014 1.131680
1751061697.194311 0.380242 -0.058531 1.296260 0.584654 -0.161920 1.173200 0.661248 -0.173686 1.121270
1751061697.295279 0.380187 -0.058688 1.296260 0.589728 -0.130045 1.159870 0.665070 -0.131003 1.104810
1751061697.397382 0.375787 -0.062830 1.293360 0.583078 -0.104999 1.142190 0.655304 -0.097898 1.083510
1751061697.505962 0.370396 -0.065131 1.289200 0.572612 -0.090846 1.127800 0.642031 -0.080487 1.066300
1751061697.606740 0.366465 -0.066782 1.286310 0.569122 -0.092640 1.125500 0.636760 -0.081401 1.062100
1751061697.710191 0.365210 -0.066112 1.285000 0.566438 -0.093280 1.122650 0.632290 -0.081928 1.057500
1751061697.811188 0.367461 -0.065697 1.286820 0.569729 -0.090550 1.125360 0.635269 -0.078130 1.060090
1751061697.914941 0.371386 -0.061462 1.288940 0.576888 -0.087974 1.131880 0.642605 -0.074813 1.066940
1751061698.013608 0.372663 -0.052162 1.287490 0.585767 -0.102715 1.147380 0.657064 -0.094950 1.087600
1751061698.123097 0.367723 -0.043506 1.281250 0.579974 -0.123162 1.153950 0.656040 -0.126407 1.099980
1751061698.227482 0.357802 -0.035164 1.271820 0.561422 -0.138224 1.147250 0.636922 -0.155150 1.095070
1751061698.327761 0.344873 -0.031999 1.262130 0.534148 -0.142318 1.122100 0.606609 -0.165424 1.068030
1751061698.428161 0.328171 -0.031077 1.251650 0.502283 -0.134772 1.088760 0.571074 -0.160007 1.030970
1751061698.530309 0.313537 -0.030241 1.243750 0.473383 -0.122036 1.060380 0.539014 -0.145446 0.998304
1751061698.630452 0.300620 -0.025503 1.237240 0.446871 -0.106747 1.038220 0.510873 -0.128478 0.973800
1751061698.739876 0.293474 -0.023825 1.234110 0.430292 -0.095982 1.025100 0.493018 -0.117064 0.959320
1751061698.844587 0.289050 -0.024774 1.232470 0.421897 -0.090408 1.018830 0.484948 -0.110376 0.952990
1751061698.946812 0.284206 -0.025263 1.230730 0.420455 -0.092591 1.019770 0.488568 -0.114580 0.959888
1751061699.047140 0.279736 -0.023991 1.229050 0.422219 -0.095128 1.023530 0.494048 -0.117436 0.968286
1751061699.157437 0.277421 -0.023772 1.228260 0.421838 -0.097937 1.025170 0.495422 -0.121547 0.972854
1751061699.261443 0.276522 -0.024677 1.228040 0.419375 -0.098782 1.023800 0.492929 -0.123222 0.971857
1751061699.361427 0.275196 -0.026195 1.227760 0.417138 -0.099960 1.022790 0.490783 -0.124451 0.970969
1751061699.463391 0.274223 -0.026954 1.227530 0.415399 -0.100188 1.021840 0.489159 -0.124221 0.969966
1751061699.564285 0.272828 -0.026055 1.227000 0.413385 -0.098488 1.020610 0.486459 -0.122266 0.967655
1751061699.674037 0.272510 -0.026125 1.226910 0.413122 -0.098572 1.020560 0.486292 -0.122413 0.967767
