1751061724.126468 0.363962 -0.055510 1.280930 0.568928 -0.108182 1.129800 0.642102 -0.108224 1.071960
1751061724.229635 0.384674 -0.066737 1.303330 0.605524 -0.101575 1.170620 0.678963 -0.093047 1.113670
1751061724.329505 0.392902 -0.073010 1.314590 0.617488 -0.089750 1.184660 0.688362 -0.075496 1.125640
1751061724.433230 0.393780 -0.075463 1.316620 0.612302 -0.073044 1.175760 0.676691 -0.055442 1.110530
1751061724.538725 0.386682 -0.074487 1.308350 0.596899 -0.067226 1.155520 0.657667 -0.054391 1.085860
1751061724.640363 0.378123 -0.072724 1.298980 0.579630 -0.064468 1.134880 0.638065 -0.052366 1.063130
1751061724.739703 0.373656 -0.076008 1.295980 0.572004 -0.069248 1.128020 0.629526 -0.055603 1.055800
1751061724.844532 0.372172 -0.079777 1.296090 0.570688 -0.073308 1.128320 0.627728 -0.058322 1.055990
1751061724.947469 0.371822 -0.080491 1.296060 0.570775 -0.076085 1.128730 0.632163 -0.060874 1.060110
1751061725.046786 0.375135 -0.076155 1.297430 0.580076 -0.082058 1.137540 0.646399 -0.069096 1.073170
1751061725.150240 0.381229 -0.072984 1.302130 0.592928 -0.090416 1.152200 0.661152 -0.079751 1.089420
1751061725.256206 0.390540 -0.070625 1.311000 0.610081 -0.117534 1.179800 0.680868 -0.113255 1.119180
1751061725.356720 0.398831 -0.069308 1.320030 0.617238 -0.156961 1.209510 0.688307 -0.161210 1.149170
1751061725.457068 0.405327 -0.071631 1.329170 0.610591 -0.201414 1.236310 0.682160 -0.216347 1.178310
1751061725.561480 0.408767 -0.085533 1.340800 0.578977 -0.264858 1.260350 0.646952 -0.296524 1.204800
1751061725.664346 0.407021 -0.107790 1.352900 0.535425 -0.318605 1.271230 0.595098 -0.362477 1.214450
1751061725.774873 0.396448 -0.143598 1.370070 0.455009 -0.379074 1.276680 0.497874 -0.435895 1.216320
1751061725.892642 0.377465 -0.173442 1.378410 0.384877 -0.412047 1.275000 0.411409 -0.477045 1.213910
1751061725.995102 0.353135 -0.197598 1.380300 0.321517 -0.430804 1.269790 0.334187 -0.498431 1.206740
1751061726.096677 0.331381 -0.211629 1.376470 0.267180 -0.435587 1.261000 0.268879 -0.503604 1.197180
1751061726.198107 0.301838 -0.224248 1.368200 0.211807 -0.435051 1.245570 0.203732 -0.500569 1.179600
1751061726.299846 0.281883 -0.226390 1.356430 0.178310 -0.427014 1.227500 0.164919 -0.489772 1.159740
1751061726.400087 0.254823 -0.226492 1.341870 0.155206 -0.418450 1.197550 0.141055 -0.475828 1.125320
1751061726.501129 0.233585 -0.221418 1.327440 0.139512 -0.407441 1.172050 0.128076 -0.460466 1.096110
1751061726.607443 0.210850 -0.213123 1.312800 0.129636 -0.395314 1.146030 0.120022 -0.445277 1.067790
1751061726.712485 0.196989 -0.203360 1.300850 0.122923 -0.378706 1.123740 0.113355 -0.426020 1.043870
1751061726.814301 0.190310 -0.194190 1.291480 0.121729 -0.361581 1.104720 0.114256 -0.404841 1.022370
1751061726.922586 0.186838 -0.183469 1.281700 0.124989 -0.345524 1.088020 0.119604 -0.385477 1.003850
1751061727.029836 0.185697 -0.176071 1.275520 0.128995 -0.339897 1.081760 0.122770 -0.380729 0.998073
1751061727.131582 0.184853 -0.175858 1.275370 0.130376 -0.342764 1.083600 0.124569 -0.384324 1.000200
1751061727.233514 0.195572 -0.183312 1.281620 0.136749 -0.360136 1.100310 0.131795 -0.404202 1.018190
1751061727.339807 0.225114 -0.187809 1.288510 0.156686 -0.383083 1.131080 0.147993 -0.437534 1.055780
1751061727.441876 0.269108 -0.181853 1.295530 0.203403 -0.400260 1.170700 0.195523 -0.467218 1.106170
1751061727.544947 0.303420 -0.158779 1.292380 0.263135 -0.391395 1.183450 0.260962 -0.465291 1.126490
1751061727.644778 0.316570 -0.131462 1.280830 0.311310 -0.365037 1.166750 0.317332 -0.442543 1.115110
1751061727.747164 0.305804 -0.105414 1.261080 0.347308 -0.315914 1.114220 0.369046 -0.387712 1.058700
1751061727.848512 0.284252 -0.096165 1.247700 0.347224 -0.272042 1.066860 0.374699 -0.326969 0.996596
1751061727.950405 0.259729 -0.092041 1.238110 0.330886 -0.225544 1.026660 0.358119 -0.267895 0.948085
1751061728.056776 0.248412 -0.085079 1.232910 0.314743 -0.203844 1.011330 0.341494 -0.244110 0.931508
1751061728.157265 0.247143 -0.081679 1.231540 0.311973 -0.201722 1.010210 0.338298 -0.242789 0.930653
1751061728.260394 0.250233 -0.082633 1.232500 0.318632 -0.205873 1.014000 0.346541 -0.247728 0.935453
1751061728.361591 0.254258 -0.085076 1.234290 0.325926 -0.211548 1.018720 0.355336 -0.253525 0.940735
1751061728.461561 0.260266 -0.090094 1.237570 0.336642 -0.223530 1.027900 0.368030 -0.266067 0.950991
1751061728.563125 0.266690 -0.099136 1.242810 0.347516 -0.247588 1.045260 0.381819 -0.292316 0.970880
1751061728.663271 0.274992 -0.118404 1.254120 0.345544 -0.292844 1.074700 0.379326 -0.343196 1.003750
1751061728.771788 0.288368 -0.154403 1.281340 0.329684 -0.345805 1.110290 0.357520 -0.391228 1.033660
1751061728.873955 0.290813 -0.183582 1.307360 0.293070 -0.383775 1.141480 0.317034 -0.430674 1.064430
1751061728.973593 0.278035 -0.206504 1.325850 0.236336 -0.406419 1.164900 0.250912 -0.458276 1.088710
1751061729.075744 0.259285 -0.215457 1.328340 0.184674 -0.403305 1.164000 0.188093 -0.455986 1.087840
1751061729.177275 0.233938 -0.211058 1.314520 0.143271 -0.379007 1.137960 0.138622 -0.424671 1.056710
1751061729.282073 0.210282 -0.197302 1.295560 0.126785 -0.353819 1.105480 0.127405 -0.389930 1.019420
1751061729.389445 0.195514 -0.184505 1.282650 0.129232 -0.335302 1.081490 0.132277 -0.366192 0.993482
1751061729.493819 0.190258 -0.175702 1.275180 0.127104 -0.324616 1.071600 0.127581 -0.357509 0.984294
1751061729.594346 0.187406 -0.173295 1.273280 0.113962 -0.320170 1.071700 0.106690 -0.357046 0.986286
1751061729.699343 0.202116 -0.180572 1.279540 0.112959 -0.340236 1.094720 0.100448 -0.382916 1.012680
1751061729.803734 0.230477 -0.189235 1.290830 0.136321 -0.376892 1.137470 0.120228 -0.433781 1.065260
1751061729.905754 0.261061 -0.195280 1.305500 0.181985 -0.412361 1.186200 0.170646 -0.481673 1.124820
1751061730.007719 0.296853 -0.192773 1.320510 0.264699 -0.441107 1.250500 0.271733 -0.519826 1.200900
1751061730.111487 0.327366 -0.184068 1.333040 0.351916 -0.440018 1.294480 0.378336 -0.519520 1.253360
1751061730.213756 0.353192 -0.171534 1.343710 0.425654 -0.420034 1.319280 0.468337 -0.494252 1.282140
1751061730.322541 0.379654 -0.145923 1.347810 0.502419 -0.374203 1.327390 0.560021 -0.438291 1.291550
1751061730.423954 0.401152 -0.115260 1.349910 0.574267 -0.308073 1.328600 0.645004 -0.358160 1.290000
1751061730.527285 0.411422 -0.095618 1.350960 0.614460 -0.255977 1.325270 0.692440 -0.294203 1.291100
1751061730.627141 0.417292 -0.072617 1.346690 0.649997 -0.180063 1.303050 0.732915 -0.201332 1.265880
1751061730.728260 0.418674 -0.060841 1.343510 0.660825 -0.127389 1.276170 0.743215 -0.134630 1.232940
1751061730.828801 0.415171 -0.054062 1.335790 0.655271 -0.083241 1.240400 0.732434 -0.077180 1.188200
1751061730.930054 0.408130 -0.055948 1.326000 0.636724 -0.053297 1.202950 0.707009 -0.037890 1.143500
1751061731.040286 0.396644 -0.060577 1.314230 0.608308 -0.041276 1.164480 0.671953 -0.022046 1.098900
1751061731.140921 0.384969 -0.060185 1.301450 0.588384 -0.046195 1.140130 0.650488 -0.029031 1.072610
1751061731.245811 0.379766 -0.063604 1.297380 0.583746 -0.059786 1.136200 0.644333 -0.043930 1.067010
1751061731.356696 0.379484 -0.066596 1.298100 0.582832 -0.060022 1.136220 0.641450 -0.043087 1.065600
1751061731.461871 0.379850 -0.065309 1.298020 0.582234 -0.056444 1.135000 0.640439 -0.039780 1.064020
1751061731.564195 0.381592 -0.063722 1.299210 0.585036 -0.057648 1.137420 0.642791 -0.041406 1.065940
1751061731.668722 0.383951 -0.055612 1.299000 0.597687 -0.062629 1.151180 0.661479 -0.050933 1.084070
1751061731.774027 0.381224 -0.042724 1.293100 0.603618 -0.088517 1.166510 0.677611 -0.091360 1.109710
1751061731.873970 0.372173 -0.036792 1.283770 0.590139 -0.109086 1.161850 0.665244 -0.120787 1.107700
1751061731.978595 0.354286 -0.030223 1.268480 0.557810 -0.120468 1.134190 0.630648 -0.139809 1.079140
1751061732.088649 0.332966 -0.026458 1.253900 0.511206 -0.125333 1.092490 0.574621 -0.147744 1.027790
1751061732.189126 0.320161 -0.025783 1.246630 0.477194 -0.118995 1.061560 0.528732 -0.137788 0.986060
1751061732.291256 0.312569 -0.025377 1.242730 0.460966 -0.112175 1.047680 0.509379 -0.130345 0.969994
1751061732.396680 0.307351 -0.026650 1.240370 0.455290 -0.110665 1.043760 0.506186 -0.127538 0.967380
1751061732.500931 0.304090 -0.028035 1.239030 0.450324 -0.110846 1.040650 0.501722 -0.125324 0.964112
1751061732.606596 0.302246 -0.029246 1.238350 0.445628 -0.109193 1.036730 0.495434 -0.122579 0.958956
1751061732.709288 0.300234 -0.028812 1.237400 0.443184 -0.106331 1.034500 0.492727 -0.119969 0.956655
1751061732.811951 0.298688 -0.029896 1.236890 0.442570 -0.108012 1.034910 0.493156 -0.123108 0.957952
1751061732.912994 0.298301 -0.032159 1.237000 0.442970 -0.109538 1.035300 0.493994 -0.124699 0.958645
